Compare,GRU_Att_1,GRU_Att_2,GRU_Att_3,GRU_Att_4,GRU_Linear,GRU_Reference,GRU_Third,GRU_Twice,LSTM_Linear,LSTM_Reference,LSTM_Third,LSTM_Twice,RNN_Linear,RNN_Reference,RNN_Third,RNN_Twice,UniTS
GRU_Att_1,1.0,0.2634761333465576,0.6915188431739807,0.0147220492362976,5.960464477539064e-08,5.960464477539064e-08,5.960464477539064e-08,5.960464477539064e-08,5.960464477539064e-08,5.960464477539064e-08,5.960464477539064e-08,5.960464477539064e-08,5.960464477539064e-08,5.960464477539064e-08,5.960464477539064e-08,5.960464477539064e-08,1.1920928955078125e-07
GRU_Att_2,0.2634761333465576,1.0,0.0754795670509338,5.3882598876953125e-05,5.960464477539064e-08,1.1920928955078125e-07,5.960464477539064e-08,5.960464477539064e-08,5.960464477539064e-08,1.1920928955078125e-07,5.960464477539064e-08,5.960464477539064e-08,5.960464477539064e-08,5.960464477539064e-08,5.960464477539064e-08,5.960464477539064e-08,5.960464477539062e-07
GRU_Att_3,0.6915188431739807,0.0754795670509338,1.0,0.0061292052268981,5.960464477539064e-08,5.960464477539064e-08,5.960464477539064e-08,5.960464477539064e-08,5.960464477539064e-08,5.960464477539064e-08,5.960464477539064e-08,5.960464477539064e-08,5.960464477539064e-08,5.960464477539064e-08,5.960464477539064e-08,5.960464477539064e-08,6.556510925292969e-06
GRU_Att_4,0.0147220492362976,5.3882598876953125e-05,0.0061292052268981,1.0,5.960464477539064e-08,5.960464477539064e-08,5.960464477539064e-08,5.960464477539064e-08,5.960464477539064e-08,5.960464477539064e-08,5.960464477539064e-08,5.960464477539064e-08,5.960464477539064e-08,5.960464477539064e-08,5.960464477539064e-08,5.960464477539064e-08,0.0010271072387695
GRU_Linear,5.960464477539064e-08,5.960464477539064e-08,5.960464477539064e-08,5.960464477539064e-08,1.0,0.936802864074707,0.4907859563827514,0.5249125957489014,0.0055788159370422,0.8948604464530945,0.2002161741256714,0.0236499309539794,0.0482624173164367,0.0515762567520141,0.1409152150154113,2.980232238769531e-07,5.960464477539064e-08
GRU_Reference,5.960464477539064e-08,1.1920928955078125e-07,5.960464477539064e-08,5.960464477539064e-08,0.936802864074707,1.0,0.7111607789993286,0.7914759516716003,0.0318078398704528,0.5964998602867126,0.066701591014862,0.0018156766891479,0.0451226830482482,0.0236499309539794,0.0550704598426818,2.980232238769531e-07,5.960464477539064e-08
GRU_Third,5.960464477539064e-08,5.960464477539064e-08,5.960464477539064e-08,5.960464477539064e-08,0.4907859563827514,0.7111607789993286,1.0,0.8531995415687561,0.0754795670509338,0.2751842737197876,0.2199863791465759,0.0451226830482482,0.0366820693016052,0.2303613424301147,0.1266481280326843,5.960464477539062e-07,5.960464477539064e-08
GRU_Twice,5.960464477539064e-08,5.960464477539064e-08,5.960464477539064e-08,5.960464477539064e-08,0.5249125957489014,0.7914759516716003,0.8531995415687561,1.0,0.1644961237907409,0.457846462726593,0.2872292995452881,0.0080687999725341,0.2872292995452881,0.2002161741256714,0.2410664558410644,2.562999725341797e-06,5.960464477539064e-08
LSTM_Linear,5.960464477539064e-08,5.960464477539064e-08,5.960464477539064e-08,5.960464477539064e-08,0.0055788159370422,0.0318078398704528,0.0754795670509338,0.1644961237907409,1.0,0.0041751861572265,0.2521039247512817,0.457846462726593,0.9158032536506652,0.6528410911560059,0.5964998602867126,2.562999725341797e-06,5.960464477539064e-08
LSTM_Reference,5.960464477539064e-08,1.1920928955078125e-07,5.960464477539064e-08,5.960464477539064e-08,0.8948604464530945,0.5964998602867126,0.2751842737197876,0.457846462726593,0.0041751861572265,1.0,0.0957334637641906,0.0147220492362976,0.0587515234947204,0.0295784473419189,0.066701591014862,1.788139343261719e-07,5.960464477539064e-08
LSTM_Third,5.960464477539064e-08,5.960464477539064e-08,5.960464477539064e-08,5.960464477539064e-08,0.2002161741256714,0.066701591014862,0.2199863791465759,0.2872292995452881,0.2521039247512817,0.0957334637641906,1.0,0.066701591014862,0.2199863791465759,0.3665854334831238,0.6528410911560059,1.4901161193847656e-06,5.960464477539064e-08
LSTM_Twice,5.960464477539064e-08,5.960464477539064e-08,5.960464477539064e-08,5.960464477539064e-08,0.0236499309539794,0.0018156766891479,0.0451226830482482,0.0080687999725341,0.457846462726593,0.0147220492362976,0.066701591014862,1.0,0.1484795808792114,1.0,0.507703959941864,2.211332321166992e-05,5.960464477539064e-08
RNN_Linear,5.960464477539064e-08,5.960464477539064e-08,5.960464477539064e-08,5.960464477539064e-08,0.0482624173164367,0.0451226830482482,0.0366820693016052,0.2872292995452881,0.9158032536506652,0.0587515234947204,0.2199863791465759,0.1484795808792114,1.0,0.8325093984603882,0.8739878535270691,1.233816146850586e-05,5.960464477539064e-08
RNN_Reference,5.960464477539064e-08,5.960464477539064e-08,5.960464477539064e-08,5.960464477539064e-08,0.0515762567520141,0.0236499309539794,0.2303613424301147,0.2002161741256714,0.6528410911560059,0.0295784473419189,0.3665854334831238,1.0,0.8325093984603882,1.0,0.5601714849472046,0.0001398921012878,5.960464477539064e-08
RNN_Third,5.960464477539064e-08,5.960464477539064e-08,5.960464477539064e-08,5.960464477539064e-08,0.1409152150154113,0.0550704598426818,0.1266481280326843,0.2410664558410644,0.5964998602867126,0.066701591014862,0.6528410911560059,0.507703959941864,0.8739878535270691,0.5601714849472046,1.0,3.1948089599609375e-05,5.960464477539064e-08
RNN_Twice,5.960464477539064e-08,5.960464477539064e-08,5.960464477539064e-08,5.960464477539064e-08,2.980232238769531e-07,2.980232238769531e-07,5.960464477539062e-07,2.562999725341797e-06,2.562999725341797e-06,1.788139343261719e-07,1.4901161193847656e-06,2.211332321166992e-05,1.233816146850586e-05,0.0001398921012878,3.1948089599609375e-05,1.0,5.960464477539064e-08
UniTS,1.1920928955078125e-07,5.960464477539062e-07,6.556510925292969e-06,0.0010271072387695,5.960464477539064e-08,5.960464477539064e-08,5.960464477539064e-08,5.960464477539064e-08,5.960464477539064e-08,5.960464477539064e-08,5.960464477539064e-08,5.960464477539064e-08,5.960464477539064e-08,5.960464477539064e-08,5.960464477539064e-08,5.960464477539064e-08,1.0
