Compare,2,3,4,5,10,20,30
2,1.0,0.1134914755821228,0.2410664558410644,0.1409152150154113,0.0061292052268981,2.211332321166992e-05,1.4901161193847656e-06
3,0.1134914755821228,1.0,0.6720751523971558,0.9158032536506652,0.4907859563827514,0.0421501994132995,0.0046046376228332
4,0.2410664558410644,0.6720751523971558,1.0,0.4107651710510254,0.1908142566680908,0.0004894733428955,0.0011548399925231
5,0.1409152150154113,0.9158032536506652,0.4107651710510254,1.0,0.3957113623619079,0.0318078398704528,0.0016253590583801
10,0.0061292052268981,0.4907859563827514,0.1908142566680908,0.3957113623619079,1.0,0.0587515234947204,0.0295784473419189
20,2.211332321166992e-05,0.0421501994132995,0.0004894733428955,0.0318078398704528,0.0587515234947204,1.0,0.4261419773101806
30,1.4901161193847656e-06,0.0046046376228332,0.0011548399925231,0.0016253590583801,0.0295784473419189,0.4261419773101806,1.0
