Compare,2,3,4,5,10,20,30
2,1.0,0.5424043536186218,0.4418373703956604,0.1409152150154113,0.0626264214515686,0.0034192204475402,0.0001398921012878
3,0.5424043536186218,1.0,0.8531995415687561,0.7111607789993286,0.3957113623619079,0.0393387079238891,0.0219083428382873
4,0.4418373703956604,0.8531995415687561,1.0,0.457846462726593,0.1817298531532287,0.0587515234947204,0.0055788159370422
5,0.1409152150154113,0.7111607789993286,0.457846462726593,1.0,0.5782062411308289,0.1199337840080261,0.0034192204475402
10,0.0626264214515686,0.3957113623619079,0.1817298531532287,0.5782062411308289,1.0,0.1409152150154113,0.0318078398704528
20,0.0034192204475402,0.0393387079238891,0.0587515234947204,0.1199337840080261,0.1409152150154113,1.0,0.1729585528373718
30,0.0001398921012878,0.0219083428382873,0.0055788159370422,0.0034192204475402,0.0318078398704528,0.1729585528373718,1.0
