Compare,2,3,4,5,10,20,30
2,1.0,0.7111607789993286,0.7509929537773132,0.1817298531532287,0.0061292052268981,1.788139343261719e-07,3.2782554626464844e-06
3,0.7111607789993286,1.0,1.0,0.457846462726593,0.0851390361785888,0.0027848482131958,4.5418739318847656e-05
4,0.7509929537773132,1.0,1.0,0.3525196313858032,0.0080687999725341,0.0002498030662536,0.000187873840332
5,0.1817298531532287,0.457846462726593,0.3525196313858032,1.0,0.1336400508880615,8.803606033325195e-05,0.0001398921012878
10,0.0061292052268981,0.0851390361785888,0.0080687999725341,0.1336400508880615,1.0,0.312333345413208,0.0851390361785888
20,1.788139343261719e-07,0.0027848482131958,0.0002498030662536,8.803606033325195e-05,0.312333345413208,1.0,0.6528410911560059
30,3.2782554626464844e-06,4.5418739318847656e-05,0.000187873840332,0.0001398921012878,0.0851390361785888,0.6528410911560059,1.0
