Compare,2,3,4,5,10,20,30
2,1.0,0.1817298531532287,0.1817298531532287,1.0,0.3525196313858032,0.0274794101715087,0.0055788159370422
3,0.1817298531532287,1.0,0.7111607789993286,0.2996123433113098,0.7711594104766846,0.2996123433113098,0.0187447071075439
4,0.1817298531532287,0.7111607789993286,1.0,0.4261419773101806,0.8531995415687561,0.2002161741256714,0.0202749371528625
5,1.0,0.2996123433113098,0.4261419773101806,1.0,0.2634761333465576,0.0114533305168151,0.0027848482131958
10,0.3525196313858032,0.7711594104766846,0.8531995415687561,0.2634761333465576,1.0,0.2410664558410644,0.0587515234947204
20,0.0274794101715087,0.2996123433113098,0.2002161741256714,0.0114533305168151,0.2410664558410644,1.0,0.1266481280326843
30,0.0055788159370422,0.0187447071075439,0.0202749371528625,0.0027848482131958,0.0587515234947204,0.1266481280326843,1.0
