Compare,2,3,4,5,10,20,30
2,1.0,0.2199863791465759,0.2199863791465759,0.6528410911560059,0.5601714849472046,0.1729585528373718,0.2751842737197876
3,0.2199863791465759,1.0,0.7111607789993286,0.2521039247512817,0.7914759516716003,0.0147220492362976,0.0055788159370422
4,0.2199863791465759,0.7111607789993286,1.0,0.3809836506843567,0.4907859563827514,0.0022552609443664,0.0096350312232971
5,0.6528410911560059,0.2521039247512817,0.3809836506843567,1.0,0.5249125957489014,0.3957113623619079,0.6915188431739807
10,0.5601714849472046,0.7914759516716003,0.4907859563827514,0.5249125957489014,1.0,0.0147220492362976,0.0515762567520141
20,0.1729585528373718,0.0147220492362976,0.0022552609443664,0.3957113623619079,0.0147220492362976,1.0,0.7914759516716003
30,0.2751842737197876,0.0055788159370422,0.0096350312232971,0.6915188431739807,0.0515762567520141,0.7914759516716003,1.0
