Compare,2,3,4,5,10,20,30
2,1.0,0.936802864074707,0.6720751523971558,0.1199337840080261,0.0957334637641906,0.5782062411308289,0.0515762567520141
3,0.936802864074707,1.0,0.4261419773101806,0.1013973951339721,0.2303613424301147,0.312333345413208,0.0022552609443664
4,0.6720751523971558,0.4261419773101806,1.0,0.0025079250335693,0.0105108022689819,0.1563382148742675,0.0009118914604187
5,0.1199337840080261,0.1013973951339721,0.0025079250335693,1.0,0.7914759516716003,0.2872292995452881,0.7111607789993286
10,0.0957334637641906,0.2303613424301147,0.0105108022689819,0.7914759516716003,1.0,0.3525196313858032,0.1563382148742675
20,0.5782062411308289,0.312333345413208,0.1563382148742675,0.2872292995452881,0.3525196313858032,1.0,0.0587515234947204
30,0.0515762567520141,0.0022552609443664,0.0009118914604187,0.7111607789993286,0.1563382148742675,0.0587515234947204,1.0
