Compare,2,3,4,5,10,20,30
2,1.0,0.312333345413208,1.0,0.1644961237907409,0.0008081197738647,3.814697265625e-05,1.96695327758789e-06
3,0.312333345413208,1.0,0.5424043536186218,0.2634761333465576,0.0005564093589782,2.211332321166992e-05,4.172325134277344e-06
4,1.0,0.5424043536186218,1.0,0.0587515234947204,0.0003764033317565,8.344650268554688e-07,6.556510925292969e-06
5,0.1644961237907409,0.2634761333465576,0.0587515234947204,1.0,0.0050716400146484,0.0002870559692382,8.803606033325195e-05
10,0.0008081197738647,0.0005564093589782,0.0003764033317565,0.0050716400146484,1.0,0.6528410911560059,0.3387878537178039
20,3.814697265625e-05,2.211332321166992e-05,8.344650268554688e-07,0.0002870559692382,0.6528410911560059,1.0,0.5782062411308289
30,1.96695327758789e-06,4.172325134277344e-06,6.556510925292969e-06,8.803606033325195e-05,0.3387878537178039,0.5782062411308289,1.0
