Compare,2,3,4,5,10,20,30
2,1.0,0.0018156766891479,0.0202749371528625,0.0007149577140808,2.664327621459961e-05,3.814697265625e-05,0.0001623034477233
3,0.0018156766891479,1.0,0.3957113623619079,0.5601714849472046,0.1336400508880615,0.0550704598426818,0.312333345413208
4,0.0202749371528625,0.3957113623619079,1.0,0.2996123433113098,0.0055788159370422,0.0105108022689819,0.0957334637641906
5,0.0007149577140808,0.5601714849472046,0.2996123433113098,1.0,0.4261419773101806,0.507703959941864,0.7711594104766846
10,2.664327621459961e-05,0.1336400508880615,0.0055788159370422,0.4261419773101806,1.0,0.8119303584098816,0.0587515234947204
20,3.814697265625e-05,0.0550704598426818,0.0105108022689819,0.507703959941864,0.8119303584098816,1.0,0.1908142566680908
30,0.0001623034477233,0.312333345413208,0.0957334637641906,0.7711594104766846,0.0587515234947204,0.1908142566680908,1.0
