Compare,2,3,4,5,10,20,30
2,1.0,0.0012963414192199,0.0007149577140808,6.365776062011719e-05,5.3882598876953125e-05,3.2782554626464844e-06,1.1920928955078125e-07
3,0.0012963414192199,1.0,5.3882598876953125e-05,5.3882598876953125e-05,5.3882598876953125e-05,1.1920928955078125e-07,1.1920928955078125e-07
4,0.0007149577140808,5.3882598876953125e-05,1.0,5.960464477539064e-08,5.960464477539064e-08,5.960464477539064e-08,5.960464477539064e-08
5,6.365776062011719e-05,5.3882598876953125e-05,5.960464477539064e-08,1.0,5.960464477539064e-08,5.960464477539064e-08,5.960464477539064e-08
10,5.3882598876953125e-05,5.3882598876953125e-05,5.960464477539064e-08,5.960464477539064e-08,1.0,5.960464477539064e-08,5.960464477539064e-08
20,3.2782554626464844e-06,1.1920928955078125e-07,5.960464477539064e-08,5.960464477539064e-08,5.960464477539064e-08,1.0,5.960464477539064e-08
30,1.1920928955078125e-07,1.1920928955078125e-07,5.960464477539064e-08,5.960464477539064e-08,5.960464477539064e-08,5.960464477539064e-08,1.0
