Compare,2,3,4,5,10,20,30
2,1.0,0.0013672819301753,1.795360263143029e-07,2.285738709200976e-09,1.4156562248495535e-09,1.4156562248495535e-09,1.4156562248495535e-09
3,0.0013672819301753,1.0,2.1981738319364547e-06,3.2057370198655616e-08,1.4156562248495535e-09,1.4156562248495535e-09,1.4156562248495535e-09
4,1.795360263143029e-07,2.1981738319364547e-06,1.0,0.0005529371525551,2.285738709200976e-09,1.4156562248495535e-09,1.4156562248495535e-09
5,2.285738709200976e-09,3.2057370198655616e-08,0.0005529371525551,1.0,1.4156562248495535e-09,1.4156562248495535e-09,1.4156562248495535e-09
10,1.4156562248495535e-09,1.4156562248495535e-09,2.285738709200976e-09,1.4156562248495535e-09,1.0,1.4156562248495535e-09,1.4156562248495535e-09
20,1.4156562248495535e-09,1.4156562248495535e-09,1.4156562248495535e-09,1.4156562248495535e-09,1.4156562248495535e-09,1.0,3.6689565644207027e-09
30,1.4156562248495535e-09,1.4156562248495535e-09,1.4156562248495535e-09,1.4156562248495535e-09,1.4156562248495535e-09,3.6689565644207027e-09,1.0
