Compare,2,3,4,5,10,20,30
2,1.0,0.6139282580548475,0.6694793348058024,0.1301724240193804,0.5869371700692589,0.059825636317548,0.0098634771274733
3,0.6139282580548475,1.0,0.7858989168050492,0.3417365550273485,0.7710186241805638,0.0040837137563017,0.0004134932134935
4,0.6694793348058024,0.7858989168050492,1.0,0.2143168580185959,0.8919636193705659,0.0062228484711899,0.0011153845128289
5,0.1301724240193804,0.3417365550273485,0.2143168580185959,1.0,0.1031354441272063,0.0001128466666815,4.255938526376603e-06
10,0.5869371700692589,0.7710186241805638,0.8919636193705659,0.1031354441272063,1.0,4.54136099359965e-07,2.567677870515197e-08
20,0.059825636317548,0.0040837137563017,0.0062228484711899,0.0001128466666815,4.54136099359965e-07,1.0,0.0019062927884821
30,0.0098634771274733,0.0004134932134935,0.0011153845128289,4.255938526376603e-06,2.567677870515197e-08,0.0019062927884821,1.0
