Compare,2,3,4,5,10,20,30
2,1.0,0.2604342689317866,0.9227150779556011,0.361803488317166,9.620347536626386e-05,1.4156562248495535e-09,1.4156562248495535e-09
3,0.2604342689317866,1.0,0.0093228677519123,0.0001128466666815,2.2967213940445122e-08,1.4156562248495535e-09,1.4156562248495535e-09
4,0.9227150779556011,0.0093228677519123,1.0,0.0002645614741182,2.5742151889055173e-09,1.4156562248495535e-09,1.4156562248495535e-09
5,0.361803488317166,0.0001128466666815,0.0002645614741182,1.0,1.4156562248495535e-09,1.4156562248495535e-09,1.4156562248495535e-09
10,9.620347536626386e-05,2.2967213940445122e-08,2.5742151889055173e-09,1.4156562248495535e-09,1.0,1.4156562248495535e-09,1.4156562248495535e-09
20,1.4156562248495535e-09,1.4156562248495535e-09,1.4156562248495535e-09,1.4156562248495535e-09,1.4156562248495535e-09,1.0,8.546816670695518e-08
30,1.4156562248495535e-09,1.4156562248495535e-09,1.4156562248495535e-09,1.4156562248495535e-09,1.4156562248495535e-09,8.546816670695518e-08,1.0
