Compare,2,3,4,5,10,20,30
2,1.0,0.3319754670827369,0.9227150779556011,0.268742772421077,0.0004784983029949,3.2134308831337706e-06,5.025462421234227e-07
3,0.3319754670827369,1.0,0.2143168580185959,0.0312624231206811,2.567677870515197e-08,1.4156562248495535e-09,1.4156562248495535e-09
4,0.9227150779556011,0.2143168580185959,1.0,0.22156412892169,1.6516032355380008e-05,6.890917196046459e-08,2.567677870515197e-08
5,0.268742772421077,0.0312624231206811,0.22156412892169,1.0,1.2301875434558652e-06,1.4156562248495535e-09,1.4156562248495535e-09
10,0.0004784983029949,2.567677870515197e-08,1.6516032355380008e-05,1.2301875434558652e-06,1.0,1.4156562248495535e-09,1.4156562248495535e-09
20,3.2134308831337706e-06,1.4156562248495535e-09,6.890917196046459e-08,1.4156562248495535e-09,1.4156562248495535e-09,1.0,6.147258544333025e-07
30,5.025462421234227e-07,1.4156562248495535e-09,2.567677870515197e-08,1.4156562248495535e-09,1.4156562248495535e-09,6.147258544333025e-07,1.0
