Compare,2,3,4,5,10,20,30
2,1.0,0.876645674312776,0.415118275851869,0.497074660807861,0.0011941407446347,1.966798361552241e-05,4.255938526376603e-06
3,0.876645674312776,1.0,0.6414528745894932,0.3417365550273485,0.0008459956494718,6.748788594905479e-06,4.255938526376603e-06
4,0.415118275851869,0.6414528745894932,1.0,0.0013672819301753,9.513272854356268e-08,2.567677870515197e-08,2.567677870515197e-08
5,0.497074660807861,0.3417365550273485,0.0013672819301753,1.0,1.795360263143029e-07,2.2967213940445122e-08,2.0536055447128186e-08
10,0.0011941407446347,0.0008459956494718,9.513272854356268e-08,1.795360263143029e-07,1.0,1.4156562248495535e-09,1.4156562248495535e-09
20,1.966798361552241e-05,6.748788594905479e-06,2.567677870515197e-08,2.2967213940445122e-08,1.4156562248495535e-09,1.0,2.567677870515197e-08
30,4.255938526376603e-06,4.255938526376603e-06,2.567677870515197e-08,2.0536055447128186e-08,1.4156562248495535e-09,2.567677870515197e-08,1.0
