Compare,2,3,4,5,10,20,30
2,1.0,587.0,625.0,625.0,625.0,625.0,625.0
3,587.0,1.0,599.0,625.0,625.0,625.0,625.0
4,625.0,599.0,1.0,594.0,625.0,625.0,625.0
5,625.0,625.0,594.0,1.0,625.0,625.0,625.0
10,625.0,625.0,625.0,625.0,1.0,583.0,625.0
20,625.0,625.0,625.0,625.0,583.0,1.0,610.0
30,625.0,625.0,625.0,625.0,625.0,610.0,1.0
