Compare,2,3,4,5,10,20,30
2,1.0,617.0,625.0,625.0,625.0,625.0,625.0
3,617.0,1.0,613.0,625.0,625.0,625.0,625.0
4,625.0,613.0,1.0,596.0,625.0,625.0,625.0
5,625.0,625.0,596.0,1.0,625.0,625.0,625.0
10,625.0,625.0,625.0,625.0,1.0,609.0,625.0
20,625.0,625.0,625.0,625.0,609.0,1.0,600.0
30,625.0,625.0,625.0,625.0,625.0,600.0,1.0
