Compare,2,3,4,5,10,20,30
2,1.0,619.0,625.0,625.0,625.0,625.0,625.0
3,619.0,1.0,608.0,625.0,625.0,625.0,625.0
4,625.0,608.0,1.0,599.0,625.0,625.0,625.0
5,625.0,625.0,599.0,1.0,625.0,625.0,625.0
10,625.0,625.0,625.0,625.0,1.0,625.0,625.0
20,625.0,625.0,625.0,625.0,625.0,1.0,609.0
30,625.0,625.0,625.0,625.0,625.0,609.0,1.0
