Compare,2,3,4,5,10,20,30
2,1.0,559.0,619.0,625.0,625.0,625.0,625.0
3,559.0,1.0,494.0,620.0,625.0,625.0,625.0
4,619.0,494.0,1.0,575.0,625.0,625.0,625.0
5,625.0,620.0,575.0,1.0,625.0,625.0,625.0
10,625.0,625.0,625.0,625.0,1.0,625.0,625.0
20,625.0,625.0,625.0,625.0,625.0,1.0,619.0
30,625.0,625.0,625.0,625.0,625.0,619.0,1.0
