Compare,2,3,4,5,10,20,30
2,1.0,478.0,582.0,621.0,625.0,625.0,625.0
3,478.0,1.0,557.0,598.0,625.0,625.0,625.0
4,582.0,557.0,1.0,491.0,621.0,625.0,625.0
5,621.0,598.0,491.0,1.0,625.0,625.0,625.0
10,625.0,625.0,621.0,625.0,1.0,625.0,625.0
20,625.0,625.0,625.0,625.0,625.0,1.0,617.0
30,625.0,625.0,625.0,625.0,625.0,617.0,1.0
