Compare,2,3,4,5,10,20,30
2,1.0,262.0,318.0,370.0,493.0,553.0,572.0
3,262.0,1.0,377.0,424.0,600.0,625.0,625.0
4,318.0,377.0,1.0,376.0,535.0,591.0,600.0
5,370.0,424.0,376.0,1.0,563.0,625.0,625.0
10,493.0,600.0,535.0,563.0,1.0,625.0,625.0
20,553.0,625.0,591.0,625.0,625.0,1.0,570.0
30,572.0,625.0,600.0,625.0,625.0,570.0,1.0
