Compare,GRU_Att_1,GRU_Att_2,GRU_Att_3,GRU_Att_4,GRU_Linear,GRU_Reference,GRU_Third,GRU_Twice,LSTM_Linear,LSTM_Reference,LSTM_Third,LSTM_Twice,RNN_Linear,RNN_Reference,RNN_Third,RNN_Twice,UniTS
GRU_Att_1,1.0,0.0067255496978759,0.0073709487915039,1.0,5.960464477539064e-08,5.960464477539064e-08,5.960464477539064e-08,5.960464477539064e-08,5.960464477539064e-08,5.960464477539064e-08,5.960464477539064e-08,5.960464477539064e-08,5.960464477539064e-08,5.960464477539064e-08,5.960464477539064e-08,5.960464477539064e-08,5.960464477539064e-08
GRU_Att_2,0.0067255496978759,1.0,0.4107651710510254,0.0274794101715087,5.960464477539064e-08,5.960464477539064e-08,5.960464477539064e-08,5.960464477539064e-08,5.960464477539064e-08,5.960464477539064e-08,5.960464477539064e-08,5.960464477539064e-08,5.960464477539064e-08,5.960464477539064e-08,5.960464477539064e-08,5.960464477539064e-08,5.960464477539064e-08
GRU_Att_3,0.0073709487915039,0.4107651710510254,1.0,0.0014527440071105,5.960464477539064e-08,5.960464477539064e-08,5.960464477539064e-08,5.960464477539064e-08,5.960464477539064e-08,5.960464477539064e-08,5.960464477539064e-08,5.960464477539064e-08,5.960464477539064e-08,5.960464477539064e-08,5.960464477539064e-08,5.960464477539064e-08,5.960464477539064e-08
GRU_Att_4,1.0,0.0274794101715087,0.0014527440071105,1.0,5.960464477539064e-08,5.960464477539064e-08,5.960464477539064e-08,5.960464477539064e-08,5.960464477539064e-08,5.960464477539064e-08,5.960464477539064e-08,5.960464477539064e-08,5.960464477539064e-08,5.960464477539064e-08,5.960464477539064e-08,5.960464477539064e-08,5.960464477539064e-08
GRU_Linear,5.960464477539064e-08,5.960464477539064e-08,5.960464477539064e-08,5.960464477539064e-08,1.0,5.960464477539064e-08,5.960464477539064e-08,5.960464477539064e-08,0.2199863791465759,5.960464477539064e-08,5.960464477539064e-08,5.960464477539064e-08,0.8948604464530945,5.960464477539064e-08,5.960464477539064e-08,5.960464477539064e-08,5.960464477539064e-08
GRU_Reference,5.960464477539064e-08,5.960464477539064e-08,5.960464477539064e-08,5.960464477539064e-08,5.960464477539064e-08,1.0,0.5700608835629815,0.4326259490201397,5.960464477539064e-08,0.9095427776952096,0.11585149752593,0.5097974849608639,5.960464477539064e-08,0.3519788416713619,0.1329572929623356,0.0640301484330232,5.960464477539064e-08
GRU_Third,5.960464477539064e-08,5.960464477539064e-08,5.960464477539064e-08,5.960464477539064e-08,5.960464477539064e-08,0.5700608835629815,1.0,0.6832863296571666,5.960464477539064e-08,0.533492435410304,0.1614294623670833,0.3104944343172349,5.960464477539064e-08,0.3881864052082778,0.3454475304692257,0.2249158840159618,5.960464477539064e-08
GRU_Twice,5.960464477539064e-08,5.960464477539064e-08,5.960464477539064e-08,5.960464477539064e-08,5.960464477539064e-08,0.4326259490201397,0.6832863296571666,1.0,5.960464477539064e-08,0.2487193826593299,0.0928919408837053,0.5146697234497355,5.960464477539064e-08,0.4327675806677847,0.4008141693829344,0.1762963744405111,5.960464477539064e-08
LSTM_Linear,5.960464477539064e-08,5.960464477539064e-08,5.960464477539064e-08,5.960464477539064e-08,0.2199863791465759,5.960464477539064e-08,5.960464477539064e-08,5.960464477539064e-08,1.0,5.960464477539064e-08,5.960464477539064e-08,5.960464477539064e-08,0.1644961237907409,5.960464477539064e-08,5.960464477539064e-08,5.960464477539064e-08,5.960464477539064e-08
LSTM_Reference,5.960464477539064e-08,5.960464477539064e-08,5.960464477539064e-08,5.960464477539064e-08,5.960464477539064e-08,0.9095427776952096,0.533492435410304,0.2487193826593299,5.960464477539064e-08,1.0,0.1577793773989784,0.5935291566024776,5.960464477539064e-08,0.1960509634811064,0.284189774867678,0.2023283082009374,5.960464477539064e-08
LSTM_Third,5.960464477539064e-08,5.960464477539064e-08,5.960464477539064e-08,5.960464477539064e-08,5.960464477539064e-08,0.11585149752593,0.1614294623670833,0.0928919408837053,5.960464477539064e-08,0.1577793773989784,1.0,0.6744240722352938,5.960464477539064e-08,0.7670968684102772,0.2733216782922981,0.7150006546880893,5.960464477539064e-08
LSTM_Twice,5.960464477539064e-08,5.960464477539064e-08,5.960464477539064e-08,5.960464477539064e-08,5.960464477539064e-08,0.5097974849608639,0.3104944343172349,0.5146697234497355,5.960464477539064e-08,0.5935291566024776,0.6744240722352938,1.0,5.960464477539064e-08,0.9291527647091152,0.6720517686591893,0.6001794871405538,5.960464477539064e-08
RNN_Linear,5.960464477539064e-08,5.960464477539064e-08,5.960464477539064e-08,5.960464477539064e-08,0.8948604464530945,5.960464477539064e-08,5.960464477539064e-08,5.960464477539064e-08,0.1644961237907409,5.960464477539064e-08,5.960464477539064e-08,5.960464477539064e-08,1.0,5.960464477539064e-08,5.960464477539064e-08,5.960464477539064e-08,1.1920928955078125e-07
RNN_Reference,5.960464477539064e-08,5.960464477539064e-08,5.960464477539064e-08,5.960464477539064e-08,5.960464477539064e-08,0.3519788416713619,0.3881864052082778,0.4327675806677847,5.960464477539064e-08,0.1960509634811064,0.7670968684102772,0.9291527647091152,5.960464477539064e-08,1.0,0.7212766990291557,0.7988593499960496,5.960464477539064e-08
RNN_Third,5.960464477539064e-08,5.960464477539064e-08,5.960464477539064e-08,5.960464477539064e-08,5.960464477539064e-08,0.1329572929623356,0.3454475304692257,0.4008141693829344,5.960464477539064e-08,0.284189774867678,0.2733216782922981,0.6720517686591893,5.960464477539064e-08,0.7212766990291557,1.0,0.1088094300405456,5.960464477539064e-08
RNN_Twice,5.960464477539064e-08,5.960464477539064e-08,5.960464477539064e-08,5.960464477539064e-08,5.960464477539064e-08,0.0640301484330232,0.2249158840159618,0.1762963744405111,5.960464477539064e-08,0.2023283082009374,0.7150006546880893,0.6001794871405538,5.960464477539064e-08,0.7988593499960496,0.1088094300405456,1.0,5.960464477539064e-08
UniTS,5.960464477539064e-08,5.960464477539064e-08,5.960464477539064e-08,5.960464477539064e-08,5.960464477539064e-08,5.960464477539064e-08,5.960464477539064e-08,5.960464477539064e-08,5.960464477539064e-08,5.960464477539064e-08,5.960464477539064e-08,5.960464477539064e-08,1.1920928955078125e-07,5.960464477539064e-08,5.960464477539064e-08,5.960464477539064e-08,1.0
