Compare,2,3,4,5,10,20,30
2,1.0,0.361803488317166,0.3825931773694824,0.0436020520360401,0.0231994873150693,0.0003312782005934,1.966798361552241e-05
3,0.361803488317166,1.0,0.7710186241805638,0.3932571570418692,0.2143168580185959,0.0104318433642815,0.0023171704877854
4,0.3825931773694824,0.7710186241805638,1.0,0.2289853371196133,0.1403156493773578,0.0055268356413798,0.0003312782005934
5,0.0436020520360401,0.3932571570418692,0.2289853371196133,1.0,0.7123855280840246,0.0500322861062573,0.0036093469359454
10,0.0231994873150693,0.2143168580185959,0.1403156493773578,0.7123855280840246,1.0,0.1073025867043365,0.0209469580967318
20,0.0003312782005934,0.0104318433642815,0.0055268356413798,0.0500322861062573,0.1073025867043365,1.0,0.3516793716607548
30,1.966798361552241e-05,0.0023171704877854,0.0003312782005934,0.0036093469359454,0.0209469580967318,0.3516793716607548,1.0
