Compare,2,3,4,5,10,20,30
2,1.0,1.6471252736590911e-06,1.4156562248495535e-09,1.4156562248495535e-09,1.4156562248495535e-09,1.4156562248495535e-09,1.4156562248495535e-09
3,1.6471252736590911e-06,1.0,4.102397977675773e-07,2.028844528419201e-09,1.4156562248495535e-09,1.4156562248495535e-09,1.4156562248495535e-09
4,1.4156562248495535e-09,4.102397977675773e-07,1.0,1.6471252736590911e-06,1.4156562248495535e-09,1.4156562248495535e-09,1.4156562248495535e-09
5,1.4156562248495535e-09,2.028844528419201e-09,1.6471252736590911e-06,1.0,1.4156562248495535e-09,1.4156562248495535e-09,1.4156562248495535e-09
10,1.4156562248495535e-09,1.4156562248495535e-09,1.4156562248495535e-09,1.4156562248495535e-09,1.0,7.508521207387563e-07,4.638138549093065e-09
20,1.4156562248495535e-09,1.4156562248495535e-09,1.4156562248495535e-09,1.4156562248495535e-09,7.508521207387563e-07,1.0,0.0069968079197863
30,1.4156562248495535e-09,1.4156562248495535e-09,1.4156562248495535e-09,1.4156562248495535e-09,4.638138549093065e-09,0.0069968079197863,1.0
