Compare,2,3,4,5,10,20,30
2,1.0,2.1981738319364547e-06,2.5742151889055173e-09,1.4156562248495535e-09,1.4156562248495535e-09,1.4156562248495535e-09,1.4156562248495535e-09
3,2.1981738319364547e-06,1.0,8.189747564868397e-05,3.6689565644207027e-09,1.4156562248495535e-09,1.4156562248495535e-09,1.4156562248495535e-09
4,2.5742151889055173e-09,8.189747564868397e-05,1.0,4.102397977675773e-07,1.4156562248495535e-09,1.4156562248495535e-09,1.4156562248495535e-09
5,1.4156562248495535e-09,3.6689565644207027e-09,4.102397977675773e-07,1.0,2.8695495046154212e-08,1.4156562248495535e-09,1.4156562248495535e-09
10,1.4156562248495535e-09,1.4156562248495535e-09,1.4156562248495535e-09,2.8695495046154212e-08,1.0,1.795360263143029e-07,4.638138549093065e-09
20,1.4156562248495535e-09,1.4156562248495535e-09,1.4156562248495535e-09,1.4156562248495535e-09,1.795360263143029e-07,1.0,2.6596876986770324e-06
30,1.4156562248495535e-09,1.4156562248495535e-09,1.4156562248495535e-09,1.4156562248495535e-09,4.638138549093065e-09,2.6596876986770324e-06,1.0
