Compare,2,3,4,5,10,20,30
2,1.0,0.0378842454357326,0.0033914710682818,0.0152933710301989,0.017007269062083,4.67042080908701e-06,2.721835438261773e-07
3,0.0378842454357326,1.0,0.6836702770203351,1.0,0.861373792455552,0.0130074666079586,0.0021719718205802
4,0.0033914710682818,0.6836702770203351,1.0,0.861373792455552,0.6139282580548475,0.007415319687152,0.0002106045416463
5,0.0152933710301989,1.0,0.861373792455552,1.0,0.8919636193705659,0.0312624231206811,0.0062228484711899
10,0.017007269062083,0.861373792455552,0.6139282580548475,0.8919636193705659,1.0,0.0033914710682818,0.0002273223850748
20,4.67042080908701e-06,0.0130074666079586,0.007415319687152,0.0312624231206811,0.0033914710682818,1.0,0.1744003891501825
30,2.721835438261773e-07,0.0021719718205802,0.0002106045416463,0.0062228484711899,0.0002273223850748,0.1744003891501825,1.0
