Compare,2,3,4,5,10,20,30
2,1.0,4.638138549093065e-09,2.285738709200976e-09,1.4156562248495535e-09,1.4156562248495535e-09,1.4156562248495535e-09,1.4156562248495535e-09
3,4.638138549093065e-09,1.0,1.8141066484846008e-06,1.4156562248495535e-09,1.4156562248495535e-09,1.4156562248495535e-09,1.4156562248495535e-09
4,2.285738709200976e-09,1.8141066484846008e-06,1.0,2.1981738319364547e-06,1.4156562248495535e-09,1.4156562248495535e-09,1.4156562248495535e-09
5,1.4156562248495535e-09,1.4156562248495535e-09,2.1981738319364547e-06,1.0,1.4156562248495535e-09,1.4156562248495535e-09,1.4156562248495535e-09
10,1.4156562248495535e-09,1.4156562248495535e-09,1.4156562248495535e-09,1.4156562248495535e-09,1.0,7.392652258635689e-06,4.638138549093065e-09
20,1.4156562248495535e-09,1.4156562248495535e-09,1.4156562248495535e-09,1.4156562248495535e-09,7.392652258635689e-06,1.0,0.0144948923475206
30,1.4156562248495535e-09,1.4156562248495535e-09,1.4156562248495535e-09,1.4156562248495535e-09,4.638138549093065e-09,0.0144948923475206,1.0
