Compare,2,3,4,5,10,20,30
2,1.0,0.8008578418954853,0.6139282580548475,0.0361258757779918,0.0711584333345031,0.1160361875130034,0.0055268356413798
3,0.8008578418954853,1.0,0.361803488317166,0.0283418326973812,0.1116019917264728,0.2289853371196133,0.0130074666079586
4,0.6139282580548475,0.361803488317166,1.0,0.0033914710682818,0.0123156800428108,0.0478057953309806,0.0006380505703199
5,0.0361258757779918,0.0283418326973812,0.0033914710682818,1.0,0.6276258050283593,0.1936040708942359,0.9073219836857066
10,0.0711584333345031,0.1116019917264728,0.0123156800428108,0.6276258050283593,1.0,0.5605090914385145,0.3319754670827369
20,0.1160361875130034,0.2289853371196133,0.0478057953309806,0.1936040708942359,0.5605090914385145,1.0,0.084193950354327
30,0.0055268356413798,0.0130074666079586,0.0006380505703199,0.9073219836857066,0.3319754670827369,0.084193950354327,1.0
