Compare,2,3,4,5,10,20,30
2,1.0,0.7123855280840246,0.9227150779556011,0.1936040708942359,6.415379543852064e-05,6.158773238319999e-06,5.559142880976697e-07
3,0.7123855280840246,1.0,0.4848629323784371,0.3516793716607548,0.0002273223850748,3.292800297595255e-05,5.618306190480146e-06
4,0.9227150779556011,0.4848629323784371,1.0,0.1301724240193804,0.0002273223850748,9.695744074293171e-06,3.5302207462237964e-06
5,0.1936040708942359,0.3516793716607548,0.1301724240193804,1.0,0.0036093469359454,0.0003568117370591,5.441822612402296e-05
10,6.415379543852064e-05,0.0002273223850748,0.0002273223850748,0.0036093469359454,1.0,0.5094483563706427,0.22156412892169
20,6.158773238319999e-06,3.292800297595255e-05,9.695744074293171e-06,0.0003568117370591,0.5094483563706427,1.0,0.9227150779556011
30,5.559142880976697e-07,5.618306190480146e-06,3.5302207462237964e-06,5.441822612402296e-05,0.22156412892169,0.9227150779556011,1.0
