Compare,2,3,4,5,10,20,30
2,1.0,0.5605090914385145,0.0004134932134935,0.0015633235674326,7.552259298151555e-05,0.0003568117370591,0.003839880001355
3,0.5605090914385145,1.0,0.001784960606945,0.0043415185177975,0.0008459956494718,0.0020351578072783,0.0179257773574064
4,0.0004134932134935,0.001784960606945,1.0,0.5869371700692589,1.0,0.4728155871746813,0.1160361875130034
5,0.0015633235674326,0.0043415185177975,0.5869371700692589,1.0,0.5219814481957432,0.953582510349677,0.1744003891501825
10,7.552259298151555e-05,0.0008459956494718,1.0,0.5219814481957432,1.0,0.3721083307918155,0.0152933710301989
20,0.0003568117370591,0.0020351578072783,0.4728155871746813,0.953582510349677,0.3721083307918155,1.0,0.0807663909568753
30,0.003839880001355,0.0179257773574064,0.1160361875130034,0.1744003891501825,0.0152933710301989,0.0807663909568753,1.0
