Compare,2,3,4,5,10,20,30
2,1.0,0.0010414549834444,1.6471252736590911e-06,1.6165078471270486e-07,2.567677870515197e-08,2.567677870515197e-08,1.4648343392642634e-08
3,0.0010414549834444,1.0,0.0003568117370591,0.0001221531078416,2.567677870515197e-08,2.567677870515197e-08,1.4648343392642634e-08
4,1.6471252736590911e-06,0.0003568117370591,1.0,5.009235669757356e-05,1.4156562248495535e-09,1.4156562248495535e-09,1.4156562248495535e-09
5,1.6165078471270486e-07,0.0001221531078416,5.009235669757356e-05,1.0,1.4156562248495535e-09,1.4156562248495535e-09,1.4156562248495535e-09
10,2.567677870515197e-08,2.567677870515197e-08,1.4156562248495535e-09,1.4156562248495535e-09,1.0,1.4156562248495535e-09,1.4156562248495535e-09
20,2.567677870515197e-08,2.567677870515197e-08,1.4156562248495535e-09,1.4156562248495535e-09,1.4156562248495535e-09,1.0,9.513272854356268e-08
30,1.4648343392642634e-08,1.4648343392642634e-08,1.4156562248495535e-09,1.4156562248495535e-09,1.4156562248495535e-09,9.513272854356268e-08,1.0
