Compare,2,3,4,5,10,20,30
2,1.0,44.0,1.0,0.0,625.0,625.0,0.0
3,44.0,1.0,36.0,0.0,625.0,625.0,625.0
4,1.0,36.0,1.0,16.0,625.0,625.0,625.0
5,0.0,0.0,16.0,1.0,625.0,625.0,625.0
10,625.0,625.0,625.0,625.0,1.0,0.0,0.0
20,625.0,625.0,625.0,625.0,0.0,1.0,151.0
30,0.0,625.0,625.0,625.0,0.0,151.0,1.0
