Compare,2,3,4,5,10,20,30
2,1.0,205.0,161.0,187.0,436.0,549.0,47.0
3,205.0,1.0,291.0,313.0,303.0,441.0,471.0
4,161.0,291.0,1.0,322.0,286.0,451.0,504.0
5,187.0,313.0,322.0,1.0,305.0,424.0,454.0
10,436.0,303.0,286.0,305.0,1.0,161.0,122.0
20,549.0,441.0,451.0,424.0,161.0,1.0,242.0
30,47.0,471.0,504.0,454.0,122.0,242.0,1.0
