Compare,2,3,4,5,10,20,30
2,1.0,1.4648343392642634e-08,1.4156562248495535e-09,1.4156562248495535e-09,1.4156562248495535e-09,1.4156562248495535e-09,1.4156562248495535e-09
3,1.4648343392642634e-08,1.0,9.513272854356268e-08,1.4156562248495535e-09,1.4156562248495535e-09,1.4156562248495535e-09,1.4156562248495535e-09
4,1.4156562248495535e-09,9.513272854356268e-08,1.0,3.0245133415115906e-05,1.4156562248495535e-09,1.4156562248495535e-09,1.4156562248495535e-09
5,1.4156562248495535e-09,1.4156562248495535e-09,3.0245133415115906e-05,1.0,1.4156562248495535e-09,1.4156562248495535e-09,1.4156562248495535e-09
10,1.4156562248495535e-09,1.4156562248495535e-09,1.4156562248495535e-09,1.4156562248495535e-09,1.0,1.5966671856908888e-09,1.4156562248495535e-09
20,1.4156562248495535e-09,1.4156562248495535e-09,1.4156562248495535e-09,1.4156562248495535e-09,1.5966671856908888e-09,1.0,2.6596876986770324e-06
30,1.4156562248495535e-09,1.4156562248495535e-09,1.4156562248495535e-09,1.4156562248495535e-09,1.4156562248495535e-09,2.6596876986770324e-06,1.0
