Compare,2,3,4,5,10,20,30
2,1.0,1.0414237514679075e-08,1.4156562248495535e-09,1.4156562248495535e-09,1.4156562248495535e-09,1.4156562248495535e-09,1.4156562248495535e-09
3,1.0414237514679075e-08,1.0,1.010830768711528e-06,2.028844528419201e-09,1.4156562248495535e-09,1.4156562248495535e-09,1.4156562248495535e-09
4,1.4156562248495535e-09,1.010830768711528e-06,1.0,3.017472761840763e-07,1.4156562248495535e-09,1.4156562248495535e-09,1.4156562248495535e-09
5,1.4156562248495535e-09,2.028844528419201e-09,3.017472761840763e-07,1.0,1.4156562248495535e-09,1.4156562248495535e-09,1.4156562248495535e-09
10,1.4156562248495535e-09,1.4156562248495535e-09,1.4156562248495535e-09,1.4156562248495535e-09,1.0,3.6689565644207027e-09,1.4156562248495535e-09
20,1.4156562248495535e-09,1.4156562248495535e-09,1.4156562248495535e-09,1.4156562248495535e-09,3.6689565644207027e-09,1.0,0.0004134932134935
30,1.4156562248495535e-09,1.4156562248495535e-09,1.4156562248495535e-09,1.4156562248495535e-09,1.4156562248495535e-09,0.0004134932134935,1.0
