Compare,2,3,4,5,10,20,30
2,1.0,0.4728155871746813,0.5346712115320105,0.22156412892169,0.0914020247378993,0.0007352228727858,1.4156562248495535e-09
3,0.4728155871746813,1.0,0.0003568117370591,4.67042080908701e-06,4.255938526376603e-06,4.9750218703953785e-08,1.4156562248495535e-09
4,0.5346712115320105,0.0003568117370591,1.0,0.000104211945158,1.4156562248495535e-09,1.4156562248495535e-09,1.4156562248495535e-09
5,0.22156412892169,4.67042080908701e-06,0.000104211945158,1.0,1.4156562248495535e-09,1.4156562248495535e-09,1.4156562248495535e-09
10,0.0914020247378993,4.255938526376603e-06,1.4156562248495535e-09,1.4156562248495535e-09,1.0,1.4156562248495535e-09,1.4156562248495535e-09
20,0.0007352228727858,4.9750218703953785e-08,1.4156562248495535e-09,1.4156562248495535e-09,1.4156562248495535e-09,1.0,1.8001611341667335e-09
30,1.4156562248495535e-09,1.4156562248495535e-09,1.4156562248495535e-09,1.4156562248495535e-09,1.4156562248495535e-09,1.8001611341667335e-09,1.0
