Compare,2,3,4,5,10,20,30
2,1.0,0.0152933710301989,1.115331189492996e-06,1.1672763878400071e-08,1.4156562248495535e-09,1.4156562248495535e-09,1.4156562248495535e-09
3,0.0152933710301989,1.0,3.704514408827082e-07,9.287995833277978e-09,1.4156562248495535e-09,1.4156562248495535e-09,1.4156562248495535e-09
4,1.115331189492996e-06,3.704514408827082e-07,1.0,5.441822612402296e-05,1.4156562248495535e-09,1.4156562248495535e-09,1.4156562248495535e-09
5,1.1672763878400071e-08,9.287995833277978e-09,5.441822612402296e-05,1.0,5.8547346138109755e-09,1.4156562248495535e-09,1.4156562248495535e-09
10,1.4156562248495535e-09,1.4156562248495535e-09,1.4156562248495535e-09,5.8547346138109755e-09,1.0,1.4156562248495535e-09,1.4156562248495535e-09
20,1.4156562248495535e-09,1.4156562248495535e-09,1.4156562248495535e-09,1.4156562248495535e-09,1.4156562248495535e-09,1.0,6.5743058106010505e-09
30,1.4156562248495535e-09,1.4156562248495535e-09,1.4156562248495535e-09,1.4156562248495535e-09,1.4156562248495535e-09,6.5743058106010505e-09,1.0
