Compare,2,3,4,5,10,20,30
2,1.0,0.5605090914385145,0.6003641276866312,1.0,0.1403156493773578,2.5489812238008988e-05,6.890917196046459e-08
3,0.5605090914385145,1.0,0.3825931773694824,0.7269006560784503,0.0006380505703199,3.704514408827082e-07,3.704514408827082e-07
4,0.6003641276866312,0.3825931773694824,1.0,0.5736510006245363,0.3037847253883319,0.0052058804351508,4.2399183772289085e-05
5,1.0,0.7269006560784503,0.5736510006245363,1.0,0.0361258757779918,8.189747564868397e-05,6.748788594905479e-06
10,0.1403156493773578,0.0006380505703199,0.3037847253883319,0.0361258757779918,1.0,2.8695495046154212e-08,2.567677870515197e-08
20,2.5489812238008988e-05,3.704514408827082e-07,0.0052058804351508,8.189747564868397e-05,2.8695495046154212e-08,1.0,2.8695495046154212e-08
30,6.890917196046459e-08,3.704514408827082e-07,4.2399183772289085e-05,6.748788594905479e-06,2.567677870515197e-08,2.8695495046154212e-08,1.0
