Compare,2,3,4,5,10,20,30
2,1.0,0.953582510349677,0.1351705356002573,0.0179257773574064,0.0001671146128687,2.567677870515197e-08,1.3078583319970844e-08
3,0.953582510349677,1.0,0.007415319687152,0.001784960606945,2.92400809476093e-06,2.567677870515197e-08,2.567677870515197e-08
4,0.1351705356002573,0.007415319687152,1.0,0.0130074666079586,2.5742151889055173e-09,1.4156562248495535e-09,1.4156562248495535e-09
5,0.0179257773574064,0.001784960606945,0.0130074666079586,1.0,1.4156562248495535e-09,1.4156562248495535e-09,1.4156562248495535e-09
10,0.0001671146128687,2.92400809476093e-06,2.5742151889055173e-09,1.4156562248495535e-09,1.0,1.4156562248495535e-09,1.4156562248495535e-09
20,2.567677870515197e-08,2.567677870515197e-08,1.4156562248495535e-09,1.4156562248495535e-09,1.4156562248495535e-09,1.0,2.285738709200976e-09
30,1.3078583319970844e-08,2.567677870515197e-08,1.4156562248495535e-09,1.4156562248495535e-09,1.4156562248495535e-09,2.285738709200976e-09,1.0
