Compare,2,3,4,5,10,20,30
2,1.0,620.0,625.0,625.0,625.0,625.0,625.0
3,620.0,1.0,576.0,618.0,625.0,625.0,625.0
4,625.0,576.0,1.0,547.0,625.0,625.0,625.0
5,625.0,618.0,547.0,1.0,625.0,625.0,625.0
10,625.0,625.0,625.0,625.0,1.0,625.0,625.0
20,625.0,625.0,625.0,625.0,625.0,1.0,621.0
30,625.0,625.0,625.0,625.0,625.0,621.0,1.0
