Compare,2,3,4,5,10,20,30
2,1.0,608.0,625.0,625.0,625.0,625.0,625.0
3,608.0,1.0,593.0,616.0,625.0,625.0,625.0
4,625.0,593.0,1.0,525.0,625.0,625.0,625.0
5,625.0,616.0,525.0,1.0,625.0,625.0,625.0
10,625.0,625.0,625.0,625.0,1.0,625.0,625.0
20,625.0,625.0,625.0,625.0,625.0,1.0,625.0
30,625.0,625.0,625.0,625.0,625.0,625.0,1.0
