Compare,2,3,4,5,10,20,30
2,1.0,278.0,290.0,374.0,579.0,600.0,600.0
3,278.0,1.0,451.0,464.0,572.0,625.0,625.0
4,290.0,451.0,1.0,492.0,623.0,625.0,625.0
5,374.0,464.0,492.0,1.0,579.0,625.0,625.0
10,579.0,572.0,623.0,579.0,1.0,625.0,625.0
20,600.0,625.0,625.0,625.0,625.0,1.0,621.0
30,600.0,625.0,625.0,625.0,625.0,621.0,1.0
