Compare,2,3,4,5,10,20,30
2,1.0,0.5249125957489014,0.8739878535270691,0.0957334637641906,0.0080687999725341,5.960464477539064e-08,1.132488250732422e-06
3,0.5249125957489014,1.0,0.8531995415687561,0.5601714849472046,0.1013973951339721,0.0046046376228332,4.5418739318847656e-05
4,0.8739878535270691,0.8531995415687561,1.0,0.3957113623619079,0.0080687999725341,0.0002870559692382,0.0001029968261718
5,0.0957334637641906,0.5601714849472046,0.3957113623619079,1.0,0.1817298531532287,5.3882598876953125e-05,0.0005564093589782
10,0.0080687999725341,0.1013973951339721,0.0080687999725341,0.1817298531532287,1.0,0.2199863791465759,0.0451226830482482
20,5.960464477539064e-08,0.0046046376228332,0.0002870559692382,5.3882598876953125e-05,0.2199863791465759,1.0,0.5601714849472046
30,1.132488250732422e-06,4.5418739318847656e-05,0.0001029968261718,0.0005564093589782,0.0451226830482482,0.5601714849472046,1.0
