Compare,2,3,4,5,10,20,30
2,1.0,0.6338268518447876,0.4418373703956604,0.1073147058486938,0.0318078398704528,0.0020251274108886,8.803606033325195e-05
3,0.6338268518447876,1.0,0.8119303584098816,0.6528410911560059,0.2872292995452881,0.0274794101715087,0.0105108022689819
4,0.4418373703956604,0.8119303584098816,1.0,0.3525196313858032,0.066701591014862,0.0421501994132995,0.0061292052268981
5,0.1073147058486938,0.6528410911560059,0.3525196313858032,1.0,0.5601714849472046,0.1563382148742675,0.0067255496978759
10,0.0318078398704528,0.2872292995452881,0.066701591014862,0.5601714849472046,1.0,0.2002161741256714,0.0587515234947204
20,0.0020251274108886,0.0274794101715087,0.0421501994132995,0.1563382148742675,0.2002161741256714,1.0,0.1908142566680908
30,8.803606033325195e-05,0.0105108022689819,0.0061292052268981,0.0067255496978759,0.0587515234947204,0.1908142566680908,1.0
