Compare,2,3,4,5,10,20,30
2,1.0,0.0202749371528625,0.0018156766891479,0.0105108022689819,0.0088223218917846,1.233816146850586e-05,5.245208740234375e-06
3,0.0202749371528625,1.0,1.0,0.7509929537773132,0.9158032536506652,0.0393387079238891,0.0022552609443664
4,0.0018156766891479,1.0,1.0,0.8119303584098816,0.457846462726593,0.0147220492362976,0.0002498030662536
5,0.0105108022689819,0.7509929537773132,0.8119303584098816,1.0,0.5964998602867126,0.1199337840080261,0.0173123478889465
10,0.0088223218917846,0.9158032536506652,0.457846462726593,0.5964998602867126,1.0,0.0010271072387695,0.0006313323974609
20,1.233816146850586e-05,0.0393387079238891,0.0147220492362976,0.1199337840080261,0.0010271072387695,1.0,0.5601714849472046
30,5.245208740234375e-06,0.0022552609443664,0.0002498030662536,0.0173123478889465,0.0006313323974609,0.5601714849472046,1.0
