Compare,2,3,4,5,10,20,30
2,1.0,0.1563382148742675,0.1729585528373718,0.0957334637641906,0.0061292052268981,5.245208740234375e-06,8.344650268554688e-07
3,0.1563382148742675,1.0,0.7111607789993286,0.978915274143219,0.3957113623619079,0.0219083428382873,0.0020251274108886
4,0.1729585528373718,0.7111607789993286,1.0,0.5601714849472046,0.1729585528373718,0.0009118914604187,0.0012963414192199
5,0.0957334637641906,0.978915274143219,0.5601714849472046,1.0,0.3525196313858032,0.0096350312232971,0.0010271072387695
10,0.0061292052268981,0.3957113623619079,0.1729585528373718,0.3525196313858032,1.0,0.0515762567520141,0.0295784473419189
20,5.245208740234375e-06,0.0219083428382873,0.0009118914604187,0.0096350312232971,0.0515762567520141,1.0,0.457846462726593
30,8.344650268554688e-07,0.0020251274108886,0.0012963414192199,0.0010271072387695,0.0295784473419189,0.457846462726593,1.0
