Compare,2,3,4,5,10,20,30
2,1.0,0.1644961237907409,0.5601714849472046,0.1484795808792114,0.1073147058486938,0.0018156766891479,0.0006313323974609
3,0.1644961237907409,1.0,0.936802864074707,0.5782062411308289,0.615043044090271,0.0393387079238891,0.0105108022689819
4,0.5601714849472046,0.936802864074707,1.0,0.5782062411308289,0.7914759516716003,0.0159729719161987,0.0027848482131958
5,0.1484795808792114,0.5782062411308289,0.5782062411308289,1.0,0.6338268518447876,0.1908142566680908,0.0295784473419189
10,0.1073147058486938,0.615043044090271,0.7914759516716003,0.6338268518447876,1.0,0.0550704598426818,0.0255050659179687
20,0.0018156766891479,0.0393387079238891,0.0159729719161987,0.1908142566680908,0.0550704598426818,1.0,0.9578450322151184
30,0.0006313323974609,0.0105108022689819,0.0027848482131958,0.0295784473419189,0.0255050659179687,0.9578450322151184,1.0
