Compare,2,3,4,5,10,20,30
2,1.0,0.7509929537773132,0.6528410911560059,0.0482624173164367,0.0587515234947204,0.312333345413208,0.0255050659179687
3,0.7509929537773132,1.0,0.2099391818046569,0.066701591014862,0.1484795808792114,0.2410664558410644,0.0020251274108886
4,0.6528410911560059,0.2099391818046569,1.0,0.0009118914604187,0.0041751861572265,0.0626264214515686,0.0001623034477233
5,0.0482624173164367,0.066701591014862,0.0009118914604187,1.0,0.7914759516716003,0.2410664558410644,0.8325093984603882
10,0.0587515234947204,0.1484795808792114,0.0041751861572265,0.7914759516716003,1.0,0.4261419773101806,0.2199863791465759
20,0.312333345413208,0.2410664558410644,0.0626264214515686,0.2410664558410644,0.4261419773101806,1.0,0.1199337840080261
30,0.0255050659179687,0.0020251274108886,0.0001623034477233,0.8325093984603882,0.2199863791465759,0.1199337840080261,1.0
