Compare,2,3,4,5,10,20,30
2,1.0,0.1908142566680908,0.1563382148742675,0.7711594104766846,0.3809836506843567,0.2872292995452881,0.4418373703956604
3,0.1908142566680908,1.0,0.5964998602867126,0.2634761333465576,0.978915274143219,0.0421501994132995,0.0202749371528625
4,0.1563382148742675,0.5964998602867126,1.0,0.2996123433113098,0.507703959941864,0.0020251274108886,0.0159729719161987
5,0.7711594104766846,0.2634761333465576,0.2996123433113098,1.0,0.4261419773101806,0.4107651710510254,0.7509929537773132
10,0.3809836506843567,0.978915274143219,0.507703959941864,0.4261419773101806,1.0,0.0135546922683715,0.0366820693016052
20,0.2872292995452881,0.0421501994132995,0.0020251274108886,0.4107651710510254,0.0135546922683715,1.0,0.8325093984603882
30,0.4418373703956604,0.0202749371528625,0.0159729719161987,0.7509929537773132,0.0366820693016052,0.8325093984603882,1.0
