Compare,2,3,4,5,10,20,30
2,1.0,0.1409152150154113,0.1644961237907409,0.978915274143219,0.2199863791465759,0.0073709487915039,0.0022552609443664
3,0.1409152150154113,1.0,0.7111607789993286,0.1484795808792114,0.7309892177581787,0.325391948223114,0.0318078398704528
4,0.1644961237907409,0.7111607789993286,1.0,0.4418373703956604,1.0,0.1563382148742675,0.0187447071075439
5,0.978915274143219,0.1484795808792114,0.4418373703956604,1.0,0.2872292995452881,0.0080687999725341,0.0030878782272338
10,0.2199863791465759,0.7309892177581787,1.0,0.2872292995452881,1.0,0.1729585528373718,0.0587515234947204
20,0.0073709487915039,0.325391948223114,0.1563382148742675,0.0080687999725341,0.1729585528373718,1.0,0.1729585528373718
30,0.0022552609443664,0.0318078398704528,0.0187447071075439,0.0030878782272338,0.0587515234947204,0.1729585528373718,1.0
