Compare,2,3,4,5,10,20,30
2,1.0,0.0088223218917846,0.0255050659179687,0.0004296898841857,1.233816146850586e-05,3.1948089599609375e-05,0.0001202225685119
3,0.0088223218917846,1.0,0.3387878537178039,0.3387878537178039,0.1563382148742675,0.0341737866401672,0.3387878537178039
4,0.0255050659179687,0.3387878537178039,1.0,0.1199337840080261,0.0041751861572265,0.0105108022689819,0.0421501994132995
5,0.0004296898841857,0.3387878537178039,0.1199337840080261,1.0,0.3957113623619079,0.6915188431739807,0.936802864074707
10,1.233816146850586e-05,0.1563382148742675,0.0041751861572265,0.3957113623619079,1.0,0.7111607789993286,0.0587515234947204
20,3.1948089599609375e-05,0.0341737866401672,0.0105108022689819,0.6915188431739807,0.7111607789993286,1.0,0.2410664558410644
30,0.0001202225685119,0.3387878537178039,0.0421501994132995,0.936802864074707,0.0587515234947204,0.2410664558410644,1.0
