Compare,2,3,4,5,10,20,30
2,1.0,0.457846462726593,0.0012963414192199,0.0034192204475402,5.245208740234375e-06,0.0001398921012878,0.0002498030662536
3,0.457846462726593,1.0,0.0025079250335693,0.0088223218917846,0.0009118914604187,0.0008081197738647,0.0034192204475402
4,0.0012963414192199,0.0025079250335693,1.0,0.7711594104766846,0.7111607789993286,0.9158032536506652,0.2002161741256714
5,0.0034192204475402,0.0088223218917846,0.7711594104766846,1.0,0.5424043536186218,0.7711594104766846,0.2996123433113098
10,5.245208740234375e-06,0.0009118914604187,0.7111607789993286,0.5424043536186218,1.0,0.5249125957489014,0.0219083428382873
20,0.0001398921012878,0.0008081197738647,0.9158032536506652,0.7711594104766846,0.5249125957489014,1.0,0.1013973951339721
30,0.0002498030662536,0.0034192204475402,0.2002161741256714,0.2996123433113098,0.0219083428382873,0.1013973951339721,1.0
