Compare,2,3,4,5,10,20,30
2,1.0,0.507703959941864,0.9578450322151184,0.2199863791465759,0.0009118914604187,5.3882598876953125e-05,1.96695327758789e-06
3,0.507703959941864,1.0,0.5782062411308289,0.2872292995452881,0.0022552609443664,3.1948089599609375e-05,4.172325134277344e-06
4,0.9578450322151184,0.5782062411308289,1.0,0.1266481280326843,0.0006313323974609,1.4901161193847656e-06,1.0073184967041016e-05
5,0.2199863791465759,0.2872292995452881,0.1266481280326843,1.0,0.0124664902687072,0.0003290772438049,0.0001202225685119
10,0.0009118914604187,0.0022552609443664,0.0006313323974609,0.0124664902687072,1.0,0.6528410911560059,0.2872292995452881
20,5.3882598876953125e-05,3.1948089599609375e-05,1.4901161193847656e-06,0.0003290772438049,0.6528410911560059,1.0,0.4907859563827514
30,1.96695327758789e-06,4.172325134277344e-06,1.0073184967041016e-05,0.0001202225685119,0.2872292995452881,0.4907859563827514,1.0
