Compare,2,3,4,5,10,20,30
2,1.0,0.0709836483001709,0.0421501994132995,0.066701591014862,0.0236499309539794,0.8948604464530945,0.4907859563827514
3,0.0709836483001709,1.0,0.9158032536506652,0.8948604464530945,0.6528410911560059,0.1073147058486938,0.1336400508880615
4,0.0421501994132995,0.9158032536506652,1.0,1.0,0.7111607789993286,0.0236499309539794,0.1409152150154113
5,0.066701591014862,0.8948604464530945,1.0,1.0,0.8119303584098816,0.0587515234947204,0.0451226830482482
10,0.0236499309539794,0.6528410911560059,0.7111607789993286,0.8119303584098816,1.0,0.0061292052268981,0.0105108022689819
20,0.8948604464530945,0.1073147058486938,0.0236499309539794,0.0587515234947204,0.0061292052268981,1.0,0.2996123433113098
30,0.4907859563827514,0.1336400508880615,0.1409152150154113,0.0451226830482482,0.0105108022689819,0.2996123433113098,1.0
