Compare,2,3,4,5,10,20,30
2,1.0,137.0,160.0,116.0,45.0,25.0,9.0
3,137.0,1.0,141.0,122.0,53.0,22.0,12.0
4,160.0,141.0,1.0,105.0,42.0,8.0,16.0
5,116.0,122.0,105.0,1.0,71.0,37.0,30.0
10,45.0,53.0,42.0,71.0,1.0,145.0,122.0
20,25.0,22.0,8.0,37.0,145.0,1.0,136.0
30,9.0,12.0,16.0,30.0,122.0,136.0,1.0
