Compare,2,3,4,5,10,20,30
2,1.0,8.165836334228516e-06,5.960464477539064e-08,5.960464477539064e-08,5.960464477539064e-08,5.960464477539064e-08,5.960464477539064e-08
3,8.165836334228516e-06,1.0,0.0008081197738647,8.344650268554688e-07,5.960464477539064e-08,5.960464477539064e-08,5.960464477539064e-08
4,5.960464477539064e-08,0.0008081197738647,1.0,0.0626264214515686,5.960464477539064e-08,5.960464477539064e-08,5.960464477539064e-08
5,5.960464477539064e-08,8.344650268554688e-07,0.0626264214515686,1.0,5.960464477539064e-08,5.960464477539064e-08,5.960464477539064e-08
10,5.960464477539064e-08,5.960464477539064e-08,5.960464477539064e-08,5.960464477539064e-08,1.0,5.960464477539064e-08,5.960464477539064e-08
20,5.960464477539064e-08,5.960464477539064e-08,5.960464477539064e-08,5.960464477539064e-08,5.960464477539064e-08,1.0,5.960464477539064e-08
30,5.960464477539064e-08,5.960464477539064e-08,5.960464477539064e-08,5.960464477539064e-08,5.960464477539064e-08,5.960464477539064e-08,1.0
