Compare,2,3,4,5,10,20,30
2,1.0,0.0957334637641906,0.2002161741256714,0.3387878537178039,0.0451226830482482,0.0009118914604187,5.960464477539064e-08
3,0.0957334637641906,1.0,0.1644961237907409,0.0159729719161987,0.0001202225685119,5.960464477539062e-07,5.960464477539064e-08
4,0.2002161741256714,0.1644961237907409,1.0,0.0236499309539794,2.980232238769531e-07,5.960464477539064e-08,5.960464477539064e-08
5,0.3387878537178039,0.0159729719161987,0.0236499309539794,1.0,5.960464477539064e-08,5.960464477539064e-08,5.960464477539064e-08
10,0.0451226830482482,0.0001202225685119,2.980232238769531e-07,5.960464477539064e-08,1.0,5.960464477539064e-08,5.960464477539064e-08
20,0.0009118914604187,5.960464477539062e-07,5.960464477539064e-08,5.960464477539064e-08,5.960464477539064e-08,1.0,5.960464477539064e-08
30,5.960464477539064e-08,5.960464477539064e-08,5.960464477539064e-08,5.960464477539064e-08,5.960464477539064e-08,5.960464477539064e-08,1.0
