Compare,2,3,4,5,10,20,30
2,1.0,0.0957334637641906,0.1134914755821228,0.2303613424301147,0.0219083428382873,1.5079975128173828e-05,5.960464477539062e-07
3,0.0957334637641906,1.0,0.5782062411308289,0.2410664558410644,0.000187873840332,1.1920928955078125e-07,5.960464477539064e-08
4,0.1134914755821228,0.5782062411308289,1.0,0.1013973951339721,1.96695327758789e-06,5.960464477539064e-08,5.960464477539064e-08
5,0.2303613424301147,0.2410664558410644,0.1013973951339721,1.0,0.0007149577140808,1.1920928955078125e-07,5.960464477539064e-08
10,0.0219083428382873,0.000187873840332,1.96695327758789e-06,0.0007149577140808,1.0,5.960464477539064e-08,5.960464477539064e-08
20,1.5079975128173828e-05,1.1920928955078125e-07,5.960464477539064e-08,1.1920928955078125e-07,5.960464477539064e-08,1.0,5.960464477539064e-08
30,5.960464477539062e-07,5.960464477539064e-08,5.960464477539064e-08,5.960464477539064e-08,5.960464477539064e-08,5.960464477539064e-08,1.0
