Compare,2,3,4,5,10,20,30
2,1.0,0.1908142566680908,0.0005564093589782,1.4901161193847656e-06,5.960464477539064e-08,5.960464477539064e-08,5.960464477539064e-08
3,0.1908142566680908,1.0,0.0010271072387695,1.829862594604492e-05,5.960464477539064e-08,5.960464477539064e-08,5.960464477539064e-08
4,0.0005564093589782,0.0010271072387695,1.0,0.0236499309539794,5.960464477539064e-08,5.960464477539064e-08,5.960464477539064e-08
5,1.4901161193847656e-06,1.829862594604492e-05,0.0236499309539794,1.0,4.172325134277344e-06,5.960464477539064e-08,5.960464477539064e-08
10,5.960464477539064e-08,5.960464477539064e-08,5.960464477539064e-08,4.172325134277344e-06,1.0,5.960464477539064e-08,5.960464477539064e-08
20,5.960464477539064e-08,5.960464477539064e-08,5.960464477539064e-08,5.960464477539064e-08,5.960464477539064e-08,1.0,2.980232238769531e-07
30,5.960464477539064e-08,5.960464477539064e-08,5.960464477539064e-08,5.960464477539064e-08,5.960464477539064e-08,2.980232238769531e-07,1.0
