Compare,2,3,4,5,10,20,30
2,1.0,0.0295784473419189,0.0754795670509338,0.066701591014862,0.1013973951339721,0.0050716400146484,0.0004296898841857
3,0.0295784473419189,1.0,0.978915274143219,0.8739878535270691,0.8739878535270691,0.1484795808792114,0.0515762567520141
4,0.0754795670509338,0.978915274143219,1.0,0.7309892177581787,0.457846462726593,0.2099391818046569,0.0096350312232971
5,0.066701591014862,0.8739878535270691,0.7309892177581787,1.0,0.4907859563827514,0.2751842737197876,0.0957334637641906
10,0.1013973951339721,0.8739878535270691,0.457846462726593,0.4907859563827514,1.0,0.0067255496978759,0.0022552609443664
20,0.0050716400146484,0.1484795808792114,0.2099391818046569,0.2751842737197876,0.0067255496978759,1.0,0.4418373703956604
30,0.0004296898841857,0.0515762567520141,0.0096350312232971,0.0957334637641906,0.0022552609443664,0.4418373703956604,1.0
