Compare,2,3,4,5,10,20,30
2,1.0,0.7711594104766846,0.6338268518447876,0.1644961237907409,0.1563382148742675,0.0421501994132995,0.0022552609443664
3,0.7711594104766846,1.0,0.5964998602867126,0.507703959941864,0.1134914755821228,0.0202749371528625,0.0318078398704528
4,0.6338268518447876,0.5964998602867126,1.0,0.2872292995452881,0.0393387079238891,0.0754795670509338,0.0096350312232971
5,0.1644961237907409,0.507703959941864,0.2872292995452881,1.0,0.4261419773101806,0.4418373703956604,0.0482624173164367
10,0.1563382148742675,0.1134914755821228,0.0393387079238891,0.4261419773101806,1.0,0.4418373703956604,0.0801958441734314
20,0.0421501994132995,0.0202749371528625,0.0754795670509338,0.4418373703956604,0.4418373703956604,1.0,0.1817298531532287
30,0.0022552609443664,0.0318078398704528,0.0096350312232971,0.0482624173164367,0.0801958441734314,0.1817298531532287,1.0
