Compare,2,3,4,5,10,20,30
2,1.0,0.9578450322151184,0.7509929537773132,0.2199863791465759,0.0041751861572265,4.172325134277344e-06,6.556510925292969e-06
3,0.9578450322151184,1.0,0.7309892177581787,0.7509929537773132,0.0709836483001709,0.0159729719161987,0.0003290772438049
4,0.7509929537773132,0.7309892177581787,1.0,0.3387878537178039,0.0061292052268981,3.814697265625e-05,0.000187873840332
5,0.2199863791465759,0.7509929537773132,0.3387878537178039,1.0,0.0754795670509338,0.0034192204475402,0.0002498030662536
10,0.0041751861572265,0.0709836483001709,0.0061292052268981,0.0754795670509338,1.0,0.2996123433113098,0.2521039247512817
20,4.172325134277344e-06,0.0159729719161987,3.814697265625e-05,0.0034192204475402,0.2996123433113098,1.0,0.5601714849472046
30,6.556510925292969e-06,0.0003290772438049,0.000187873840332,0.0002498030662536,0.2521039247512817,0.5601714849472046,1.0
