Compare,2,3,4,5,10,20,30
2,1.0,0.2199863791465759,0.1908142566680908,0.2996123433113098,0.2872292995452881,0.6720751523971558,0.5964998602867126
3,0.2199863791465759,1.0,0.6720751523971558,0.0801958441734314,0.6338268518447876,0.1409152150154113,0.1336400508880615
4,0.1908142566680908,0.6720751523971558,1.0,0.0957334637641906,0.7309892177581787,0.0187447071075439,0.0754795670509338
5,0.2996123433113098,0.0801958441734314,0.0957334637641906,1.0,0.2872292995452881,0.4907859563827514,0.4261419773101806
10,0.2872292995452881,0.6338268518447876,0.7309892177581787,0.2872292995452881,1.0,0.0957334637641906,0.1484795808792114
20,0.6720751523971558,0.1409152150154113,0.0187447071075439,0.4907859563827514,0.0957334637641906,1.0,0.7309892177581787
30,0.5964998602867126,0.1336400508880615,0.0754795670509338,0.4261419773101806,0.1484795808792114,0.7309892177581787,1.0
