Compare,2,3,4,5,10,20,30
2,1.0,0.7309892177581787,0.3809836506843567,0.4741646647453308,0.457846462726593,0.6528410911560059,0.1817298531532287
3,0.7309892177581787,1.0,0.8531995415687561,0.2410664558410644,0.1729585528373718,0.5782062411308289,0.0114533305168151
4,0.3809836506843567,0.8531995415687561,1.0,0.0393387079238891,0.066701591014862,0.6338268518447876,0.0088223218917846
5,0.4741646647453308,0.2410664558410644,0.0393387079238891,1.0,0.9578450322151184,0.1563382148742675,0.8325093984603882
10,0.457846462726593,0.1729585528373718,0.066701591014862,0.9578450322151184,1.0,0.2521039247512817,0.2872292995452881
20,0.6528410911560059,0.5782062411308289,0.6338268518447876,0.1563382148742675,0.2521039247512817,1.0,0.0255050659179687
30,0.1817298531532287,0.0114533305168151,0.0088223218917846,0.8325093984603882,0.2872292995452881,0.0255050659179687,1.0
