Compare,2,3,4,5,10,20,30
2,1.0,0.5249125957489014,0.0061292052268981,0.0050716400146484,6.365776062011719e-05,5.3882598876953125e-05,0.0002498030662536
3,0.5249125957489014,1.0,0.0080687999725341,0.0030878782272338,0.000187873840332,0.0002169013023376,0.0002870559692382
4,0.0061292052268981,0.0080687999725341,1.0,0.3809836506843567,1.0,0.3957113623619079,0.4418373703956604
5,0.0050716400146484,0.0030878782272338,0.3809836506843567,1.0,0.3387878537178039,0.9158032536506652,0.6338268518447876
10,6.365776062011719e-05,0.000187873840332,1.0,0.3387878537178039,1.0,0.8531995415687561,0.3525196313858032
20,5.3882598876953125e-05,0.0002169013023376,0.3957113623619079,0.9158032536506652,0.8531995415687561,1.0,0.1336400508880615
30,0.0002498030662536,0.0002870559692382,0.4418373703956604,0.6338268518447876,0.3525196313858032,0.1336400508880615,1.0
