Compare,2,3,4,5,10,20,30
2,1.0,0.4741646647453308,1.0,0.0957334637641906,0.0018156766891479,5.3882598876953125e-05,3.2782554626464844e-06
3,0.4741646647453308,1.0,0.3665854334831238,0.1908142566680908,0.0004894733428955,3.814697265625e-05,1.5079975128173828e-05
4,1.0,0.3665854334831238,1.0,0.0295784473419189,0.0005564093589782,1.132488250732422e-06,3.2782554626464844e-06
5,0.0957334637641906,0.1908142566680908,0.0295784473419189,1.0,0.0219083428382873,0.0009118914604187,3.814697265625e-05
10,0.0018156766891479,0.0004894733428955,0.0005564093589782,0.0219083428382873,1.0,0.5424043536186218,0.0957334637641906
20,5.3882598876953125e-05,3.814697265625e-05,1.132488250732422e-06,0.0009118914604187,0.5424043536186218,1.0,0.5601714849472046
30,3.2782554626464844e-06,1.5079975128173828e-05,3.2782554626464844e-06,3.814697265625e-05,0.0957334637641906,0.5601714849472046,1.0
