Compare,2,3,4,5,10,20,30
2,1.0,0.0135546922683715,0.0050716400146484,0.0001623034477233,5.3882598876953125e-05,2.211332321166992e-05,5.960464477539062e-07
3,0.0135546922683715,1.0,0.0004296898841857,5.3882598876953125e-05,5.3882598876953125e-05,8.165836334228516e-06,1.1920928955078125e-07
4,0.0050716400146484,0.0004296898841857,1.0,5.960464477539064e-08,5.960464477539064e-08,5.960464477539064e-08,5.960464477539064e-08
5,0.0001623034477233,5.3882598876953125e-05,5.960464477539064e-08,1.0,5.960464477539064e-08,5.960464477539064e-08,5.960464477539064e-08
10,5.3882598876953125e-05,5.3882598876953125e-05,5.960464477539064e-08,5.960464477539064e-08,1.0,5.960464477539064e-08,5.960464477539064e-08
20,2.211332321166992e-05,8.165836334228516e-06,5.960464477539064e-08,5.960464477539064e-08,5.960464477539064e-08,1.0,5.960464477539064e-08
30,5.960464477539062e-07,1.1920928955078125e-07,5.960464477539064e-08,5.960464477539064e-08,5.960464477539064e-08,5.960464477539064e-08,1.0
