Compare,2,3,4,5,10,20,30
2,1.0,132.0,151.0,115.0,121.0,94.0,66.0
3,132.0,1.0,152.0,129.0,136.0,86.0,83.0
4,151.0,152.0,1.0,162.0,142.0,133.0,107.0
5,115.0,129.0,162.0,1.0,153.0,132.0,99.0
10,121.0,136.0,142.0,153.0,1.0,110.0,92.0
20,94.0,86.0,133.0,132.0,110.0,1.0,158.0
30,66.0,83.0,107.0,99.0,92.0,158.0,1.0
