Compare,2,3,4,5,10,20,30
2,1.0,91.0,100.0,138.0,125.0,66.0,39.0
3,91.0,1.0,142.0,93.0,150.0,131.0,98.0
4,100.0,142.0,1.0,133.0,147.0,113.0,88.0
5,138.0,93.0,133.0,1.0,134.0,81.0,81.0
10,125.0,150.0,147.0,134.0,1.0,103.0,85.0
20,66.0,131.0,113.0,81.0,103.0,1.0,130.0
30,39.0,98.0,88.0,81.0,85.0,130.0,1.0
