Compare,direction,latitude_no_abs,longitude_no_abs,speed
direction,1.0,1.4156562248495535e-09,1.4156562248495535e-09,1.4156562248495535e-09
latitude_no_abs,1.4156562248495535e-09,1.0,1.060540885658877e-05,2.0536055447128186e-08
longitude_no_abs,1.4156562248495535e-09,1.060540885658877e-05,1.0,4.638138549093065e-09
speed,1.4156562248495535e-09,2.0536055447128186e-08,4.638138549093065e-09,1.0
