Compare,2,3,4,5,10,20,30
2,1.0,4.5418739318847656e-05,5.960464477539064e-08,5.960464477539064e-08,5.960464477539064e-08,5.960464477539064e-08,5.960464477539064e-08
3,4.5418739318847656e-05,1.0,0.0255050659179687,0.0001623034477233,5.960464477539064e-08,5.960464477539064e-08,5.960464477539064e-08
4,5.960464477539064e-08,0.0255050659179687,1.0,0.0001623034477233,5.960464477539064e-08,5.960464477539064e-08,5.960464477539064e-08
5,5.960464477539064e-08,0.0001623034477233,0.0001623034477233,1.0,5.960464477539064e-08,5.960464477539064e-08,5.960464477539064e-08
10,5.960464477539064e-08,5.960464477539064e-08,5.960464477539064e-08,5.960464477539064e-08,1.0,5.960464477539064e-08,5.960464477539064e-08
20,5.960464477539064e-08,5.960464477539064e-08,5.960464477539064e-08,5.960464477539064e-08,5.960464477539064e-08,1.0,4.172325134277344e-06
30,5.960464477539064e-08,5.960464477539064e-08,5.960464477539064e-08,5.960464477539064e-08,5.960464477539064e-08,4.172325134277344e-06,1.0
