Compare,2,3,4,5,10,20,30
2,1.0,0.1013973951339721,0.2410664558410644,0.4261419773101806,0.8325093984603882,0.0002169013023376,5.960464477539064e-08
3,0.1013973951339721,1.0,0.0482624173164367,0.0135546922683715,0.0010271072387695,2.980232238769531e-07,5.960464477539064e-08
4,0.2410664558410644,0.0482624173164367,1.0,0.0009118914604187,5.960464477539064e-08,5.960464477539064e-08,5.960464477539064e-08
5,0.4261419773101806,0.0135546922683715,0.0009118914604187,1.0,5.960464477539064e-08,5.960464477539064e-08,5.960464477539064e-08
10,0.8325093984603882,0.0010271072387695,5.960464477539064e-08,5.960464477539064e-08,1.0,5.960464477539064e-08,5.960464477539064e-08
20,0.0002169013023376,2.980232238769531e-07,5.960464477539064e-08,5.960464477539064e-08,5.960464477539064e-08,1.0,5.960464477539064e-08
30,5.960464477539064e-08,5.960464477539064e-08,5.960464477539064e-08,5.960464477539064e-08,5.960464477539064e-08,5.960464477539064e-08,1.0
