Compare,2,3,4,5,10,20,30
2,1.0,0.2521039247512817,0.507703959941864,0.7914759516716003,0.507703959941864,0.0002498030662536,1.233816146850586e-05
3,0.2521039247512817,1.0,0.3387878537178039,0.1817298531532287,0.0274794101715087,0.0002870559692382,6.365776062011719e-05
4,0.507703959941864,0.3387878537178039,1.0,0.507703959941864,0.7711594104766846,0.0147220492362976,0.0003290772438049
5,0.7914759516716003,0.1817298531532287,0.507703959941864,1.0,0.4261419773101806,1.0073184967041016e-05,1.4901161193847656e-06
10,0.507703959941864,0.0274794101715087,0.7711594104766846,0.4261419773101806,1.0,1.0073184967041016e-05,1.788139343261719e-07
20,0.0002498030662536,0.0002870559692382,0.0147220492362976,1.0073184967041016e-05,1.0073184967041016e-05,1.0,4.172325134277344e-07
30,1.233816146850586e-05,6.365776062011719e-05,0.0003290772438049,1.4901161193847656e-06,1.788139343261719e-07,4.172325134277344e-07,1.0
