Compare,2,3,4,5,10,20,30
2,1.0,0.6720751523971558,0.7914759516716003,0.6720751523971558,0.0004894733428955,1.788139343261719e-07,1.1920928955078125e-07
3,0.6720751523971558,1.0,0.2199863791465759,0.1336400508880615,0.0001398921012878,5.3882598876953125e-05,5.3882598876953125e-05
4,0.7914759516716003,0.2199863791465759,1.0,0.1563382148742675,5.960464477539064e-08,5.960464477539064e-08,5.960464477539064e-08
5,0.6720751523971558,0.1336400508880615,0.1563382148742675,1.0,5.960464477539064e-08,5.960464477539064e-08,5.960464477539064e-08
10,0.0004894733428955,0.0001398921012878,5.960464477539064e-08,5.960464477539064e-08,1.0,5.960464477539064e-08,5.960464477539064e-08
20,1.788139343261719e-07,5.3882598876953125e-05,5.960464477539064e-08,5.960464477539064e-08,5.960464477539064e-08,1.0,5.960464477539064e-08
30,1.1920928955078125e-07,5.3882598876953125e-05,5.960464477539064e-08,5.960464477539064e-08,5.960464477539064e-08,5.960464477539064e-08,1.0
