Compare,2,3,4,5,10,20,30
2,1.0,0.2634761333465576,0.6528410911560059,0.4261419773101806,5.3882598876953125e-05,2.980232238769531e-07,1.1920928955078125e-07
3,0.2634761333465576,1.0,0.2872292995452881,0.0219083428382873,1.132488250732422e-06,5.960464477539064e-08,5.960464477539064e-08
4,0.6528410911560059,0.2872292995452881,1.0,0.0295784473419189,5.960464477539064e-08,5.960464477539064e-08,5.960464477539064e-08
5,0.4261419773101806,0.0219083428382873,0.0295784473419189,1.0,8.344650268554688e-07,5.960464477539064e-08,5.960464477539064e-08
10,5.3882598876953125e-05,1.132488250732422e-06,5.960464477539064e-08,8.344650268554688e-07,1.0,5.960464477539064e-08,5.960464477539064e-08
20,2.980232238769531e-07,5.960464477539064e-08,5.960464477539064e-08,5.960464477539064e-08,5.960464477539064e-08,1.0,5.960464477539064e-08
30,1.1920928955078125e-07,5.960464477539064e-08,5.960464477539064e-08,5.960464477539064e-08,5.960464477539064e-08,5.960464477539064e-08,1.0
