Compare,2,3,4,5,10,20,30
2,1.0,0.0957334637641906,1.829862594604492e-05,1.1920928955078125e-07,5.960464477539064e-08,5.960464477539064e-08,5.960464477539064e-08
3,0.0957334637641906,1.0,2.664327621459961e-05,1.1920928955078125e-07,5.960464477539064e-08,5.960464477539064e-08,5.960464477539064e-08
4,1.829862594604492e-05,2.664327621459961e-05,1.0,0.0003290772438049,5.960464477539064e-08,5.960464477539064e-08,5.960464477539064e-08
5,1.1920928955078125e-07,1.1920928955078125e-07,0.0003290772438049,1.0,5.960464477539064e-08,5.960464477539064e-08,5.960464477539064e-08
10,5.960464477539064e-08,5.960464477539064e-08,5.960464477539064e-08,5.960464477539064e-08,1.0,5.960464477539064e-08,5.960464477539064e-08
20,5.960464477539064e-08,5.960464477539064e-08,5.960464477539064e-08,5.960464477539064e-08,5.960464477539064e-08,1.0,5.960464477539064e-08
30,5.960464477539064e-08,5.960464477539064e-08,5.960464477539064e-08,5.960464477539064e-08,5.960464477539064e-08,5.960464477539064e-08,1.0
