Compare,2,3,4,5,10,20,30
2,1.0,4.1259395620122645e-09,1.4156562248495535e-09,1.4156562248495535e-09,1.4156562248495535e-09,1.4156562248495535e-09,1.4156562248495535e-09
3,4.1259395620122645e-09,1.0,4.102397977675773e-07,2.5742151889055173e-09,1.4156562248495535e-09,1.4156562248495535e-09,1.4156562248495535e-09
4,1.4156562248495535e-09,4.102397977675773e-07,1.0,8.860901178054323e-06,1.4156562248495535e-09,1.4156562248495535e-09,1.4156562248495535e-09
5,1.4156562248495535e-09,2.5742151889055173e-09,8.860901178054323e-06,1.0,1.4156562248495535e-09,1.4156562248495535e-09,1.4156562248495535e-09
10,1.4156562248495535e-09,1.4156562248495535e-09,1.4156562248495535e-09,1.4156562248495535e-09,1.0,3.876834933731887e-06,3.2613906321195843e-09
20,1.4156562248495535e-09,1.4156562248495535e-09,1.4156562248495535e-09,1.4156562248495535e-09,3.876834933731887e-06,1.0,4.2399183772289085e-05
30,1.4156562248495535e-09,1.4156562248495535e-09,1.4156562248495535e-09,1.4156562248495535e-09,3.2613906321195843e-09,4.2399183772289085e-05,1.0
