Compare,2,3,4,5,10,20,30
2,1.0,2.285738709200976e-09,1.4156562248495535e-09,1.4156562248495535e-09,1.4156562248495535e-09,1.4156562248495535e-09,1.4156562248495535e-09
3,2.285738709200976e-09,1.0,5.559142880976697e-07,1.8001611341667335e-09,1.4156562248495535e-09,1.4156562248495535e-09,1.4156562248495535e-09
4,1.4156562248495535e-09,5.559142880976697e-07,1.0,2.338770210670084e-05,1.4156562248495535e-09,1.4156562248495535e-09,1.4156562248495535e-09
5,1.4156562248495535e-09,1.8001611341667335e-09,2.338770210670084e-05,1.0,1.4156562248495535e-09,1.4156562248495535e-09,1.4156562248495535e-09
10,1.4156562248495535e-09,1.4156562248495535e-09,1.4156562248495535e-09,1.4156562248495535e-09,1.0,5.8547346138109755e-09,2.028844528419201e-09
20,1.4156562248495535e-09,1.4156562248495535e-09,1.4156562248495535e-09,1.4156562248495535e-09,5.8547346138109755e-09,1.0,1.010830768711528e-06
30,1.4156562248495535e-09,1.4156562248495535e-09,1.4156562248495535e-09,1.4156562248495535e-09,2.028844528419201e-09,1.010830768711528e-06,1.0
