Compare,2,3,4,5,10,20,30
2,1.0,0.0001950465725243,1.0414237514679075e-08,3.2613906321195843e-09,1.4156562248495535e-09,1.4156562248495535e-09,1.4156562248495535e-09
3,0.0001950465725243,1.0,6.158773238319999e-06,6.795117843100685e-07,1.4156562248495535e-09,1.4156562248495535e-09,1.4156562248495535e-09
4,1.0414237514679075e-08,6.158773238319999e-06,1.0,0.0130074666079586,1.4156562248495535e-09,1.4156562248495535e-09,1.4156562248495535e-09
5,3.2613906321195843e-09,6.795117843100685e-07,0.0130074666079586,1.0,2.5742151889055173e-09,1.4156562248495535e-09,1.4156562248495535e-09
10,1.4156562248495535e-09,1.4156562248495535e-09,1.4156562248495535e-09,2.5742151889055173e-09,1.0,1.5966671856908888e-09,1.4156562248495535e-09
20,1.4156562248495535e-09,1.4156562248495535e-09,1.4156562248495535e-09,1.4156562248495535e-09,1.5966671856908888e-09,1.0,1.060540885658877e-05
30,1.4156562248495535e-09,1.4156562248495535e-09,1.4156562248495535e-09,1.4156562248495535e-09,1.4156562248495535e-09,1.060540885658877e-05,1.0
