Compare,2,3,4,5,10,20,30
2,1.0,5.009235669757356e-05,1.6165078471270486e-07,3.9964952879985783e-08,1.4156562248495535e-09,1.4156562248495535e-09,1.4156562248495535e-09
3,5.009235669757356e-05,1.0,4.255938526376603e-06,1.6165078471270486e-07,2.5742151889055173e-09,1.4156562248495535e-09,1.4156562248495535e-09
4,1.6165078471270486e-07,4.255938526376603e-06,1.0,0.0256594267916228,2.0536055447128186e-08,1.4156562248495535e-09,1.4156562248495535e-09
5,3.9964952879985783e-08,1.6165078471270486e-07,0.0256594267916228,1.0,2.8695495046154212e-08,1.4156562248495535e-09,1.4156562248495535e-09
10,1.4156562248495535e-09,2.5742151889055173e-09,2.0536055447128186e-08,2.8695495046154212e-08,1.0,1.4156562248495535e-09,1.4156562248495535e-09
20,1.4156562248495535e-09,1.4156562248495535e-09,1.4156562248495535e-09,1.4156562248495535e-09,1.4156562248495535e-09,1.0,7.508521207387563e-07
30,1.4156562248495535e-09,1.4156562248495535e-09,1.4156562248495535e-09,1.4156562248495535e-09,1.4156562248495535e-09,7.508521207387563e-07,1.0
