Compare,2,3,4,5,10,20,30
2,1.0,3.5302207462237964e-06,1.3078583319970844e-08,1.5966671856908888e-09,1.4156562248495535e-09,1.4156562248495535e-09,1.4156562248495535e-09
3,3.5302207462237964e-06,1.0,0.0024712096625269,6.147258544333025e-07,1.5966671856908888e-09,1.4156562248495535e-09,1.4156562248495535e-09
4,1.3078583319970844e-08,0.0024712096625269,1.0,4.2399183772289085e-05,1.4156562248495535e-09,1.4156562248495535e-09,1.4156562248495535e-09
5,1.5966671856908888e-09,6.147258544333025e-07,4.2399183772289085e-05,1.0,1.4156562248495535e-09,1.4156562248495535e-09,1.4156562248495535e-09
10,1.4156562248495535e-09,1.5966671856908888e-09,1.4156562248495535e-09,1.4156562248495535e-09,1.0,2.5742151889055173e-09,1.4156562248495535e-09
20,1.4156562248495535e-09,1.4156562248495535e-09,1.4156562248495535e-09,1.4156562248495535e-09,2.5742151889055173e-09,1.0,4.67042080908701e-06
30,1.4156562248495535e-09,1.4156562248495535e-09,1.4156562248495535e-09,1.4156562248495535e-09,1.4156562248495535e-09,4.67042080908701e-06,1.0
