Compare,2,3,4,5,10,20,30
2,1.0,6.795117843100685e-07,8.280513635549483e-09,1.4156562248495535e-09,1.4156562248495535e-09,1.4156562248495535e-09,1.4156562248495535e-09
3,6.795117843100685e-07,1.0,0.001784960606945,1.795360263143029e-07,1.4156562248495535e-09,1.4156562248495535e-09,1.4156562248495535e-09
4,8.280513635549483e-09,0.001784960606945,1.0,0.0007352228727858,3.6689565644207027e-09,1.4156562248495535e-09,1.4156562248495535e-09
5,1.4156562248495535e-09,1.795360263143029e-07,0.0007352228727858,1.0,3.2613906321195843e-09,1.4156562248495535e-09,1.4156562248495535e-09
10,1.4156562248495535e-09,1.4156562248495535e-09,3.6689565644207027e-09,3.2613906321195843e-09,1.0,1.4156562248495535e-09,1.4156562248495535e-09
20,1.4156562248495535e-09,1.4156562248495535e-09,1.4156562248495535e-09,1.4156562248495535e-09,1.4156562248495535e-09,1.0,5.025462421234227e-07
30,1.4156562248495535e-09,1.4156562248495535e-09,1.4156562248495535e-09,1.4156562248495535e-09,1.4156562248495535e-09,5.025462421234227e-07,1.0
