Compare,2,3,4,5,10,20,30
2,1.0,0.032817126894834,1.3849204404429867e-05,1.115331189492996e-06,1.4156562248495535e-09,1.4156562248495535e-09,1.4156562248495535e-09
3,0.032817126894834,1.0,0.0001805734558579,4.102397977675773e-07,7.379607236795789e-09,1.4156562248495535e-09,1.4156562248495535e-09
4,1.3849204404429867e-05,0.0001805734558579,1.0,0.0523450632731632,3.5800004236225926e-08,3.2613906321195843e-09,1.4156562248495535e-09
5,1.115331189492996e-06,4.102397977675773e-07,0.0523450632731632,1.0,6.5743058106010505e-09,1.4156562248495535e-09,1.4156562248495535e-09
10,1.4156562248495535e-09,7.379607236795789e-09,3.5800004236225926e-08,6.5743058106010505e-09,1.0,1.8001611341667335e-09,1.4156562248495535e-09
20,1.4156562248495535e-09,1.4156562248495535e-09,3.2613906321195843e-09,1.4156562248495535e-09,1.8001611341667335e-09,1.0,8.860901178054323e-06
30,1.4156562248495535e-09,1.4156562248495535e-09,1.4156562248495535e-09,1.4156562248495535e-09,1.4156562248495535e-09,8.860901178054323e-06,1.0
