Compare,2,3,4,5,10,20,30
2,1.0,5.909644085596015e-05,3.5800004236225926e-08,2.028844528419201e-09,1.4156562248495535e-09,1.4156562248495535e-09,1.4156562248495535e-09
3,5.909644085596015e-05,1.0,0.0058655425558014,5.618306190480146e-06,1.8001611341667335e-09,1.4156562248495535e-09,1.4156562248495535e-09
4,3.5800004236225926e-08,0.0058655425558014,1.0,0.0021719718205802,4.1259395620122645e-09,1.4156562248495535e-09,1.4156562248495535e-09
5,2.028844528419201e-09,5.618306190480146e-06,0.0021719718205802,1.0,1.8001611341667335e-09,1.4156562248495535e-09,1.4156562248495535e-09
10,1.4156562248495535e-09,1.8001611341667335e-09,4.1259395620122645e-09,1.8001611341667335e-09,1.0,1.4156562248495535e-09,1.4156562248495535e-09
20,1.4156562248495535e-09,1.4156562248495535e-09,1.4156562248495535e-09,1.4156562248495535e-09,1.4156562248495535e-09,1.0,2.5489812238008988e-05
30,1.4156562248495535e-09,1.4156562248495535e-09,1.4156562248495535e-09,1.4156562248495535e-09,1.4156562248495535e-09,2.5489812238008988e-05,1.0
