Compare,2,3,4,5,10,20,30
2,1.0,0.861373792455552,0.3223963931070317,0.1683260949337354,0.3417365550273485,0.0914020247378993,8.189747564868397e-05
3,0.861373792455552,1.0,0.1683260949337354,0.1351705356002573,0.5869371700692589,0.059825636317548,3.0245133415115906e-05
4,0.3223963931070317,0.1683260949337354,1.0,0.6139282580548475,0.3417365550273485,0.0078561483669862,1.512668097157208e-05
5,0.1683260949337354,0.1351705356002573,0.6139282580548475,1.0,0.0231994873150693,5.909644085596015e-05,1.4549413017061966e-07
10,0.3417365550273485,0.5869371700692589,0.3417365550273485,0.0231994873150693,1.0,8.546816670695518e-08,6.5743058106010505e-09
20,0.0914020247378993,0.059825636317548,0.0078561483669862,5.909644085596015e-05,8.546816670695518e-08,1.0,0.0003312782005934
30,8.189747564868397e-05,3.0245133415115906e-05,1.512668097157208e-05,1.4549413017061966e-07,6.5743058106010505e-09,0.0003312782005934,1.0
