Compare,2,3,4,5,10,20,30
2,1.0,0.8531995415687561,0.2634761333465576,0.0004894733428955,5.960464477539064e-08,5.960464477539064e-08,5.960464477539064e-08
3,0.8531995415687561,1.0,0.1266481280326843,0.0027848482131958,5.960464477539064e-08,5.960464477539064e-08,5.960464477539064e-08
4,0.2634761333465576,0.1266481280326843,1.0,0.0073709487915039,5.960464477539064e-08,5.960464477539064e-08,5.960464477539064e-08
5,0.0004894733428955,0.0027848482131958,0.0073709487915039,1.0,5.960464477539064e-08,5.960464477539064e-08,5.960464477539064e-08
10,5.960464477539064e-08,5.960464477539064e-08,5.960464477539064e-08,5.960464477539064e-08,1.0,5.960464477539064e-08,5.960464477539064e-08
20,5.960464477539064e-08,5.960464477539064e-08,5.960464477539064e-08,5.960464477539064e-08,5.960464477539064e-08,1.0,5.960464477539064e-08
30,5.960464477539064e-08,5.960464477539064e-08,5.960464477539064e-08,5.960464477539064e-08,5.960464477539064e-08,5.960464477539064e-08,1.0
