Compare,2,3,4,5,10,20,30
2,1.0,0.0010271072387695,2.664327621459961e-05,1.1920928955078125e-07,5.960464477539064e-08,5.960464477539064e-08,5.960464477539064e-08
3,0.0010271072387695,1.0,1.4901161193847656e-06,1.1920928955078125e-07,5.960464477539064e-08,5.960464477539064e-08,5.960464477539064e-08
4,2.664327621459961e-05,1.4901161193847656e-06,1.0,1.132488250732422e-06,5.960464477539064e-08,5.960464477539064e-08,5.960464477539064e-08
5,1.1920928955078125e-07,1.1920928955078125e-07,1.132488250732422e-06,1.0,1.1920928955078125e-07,5.960464477539064e-08,5.960464477539064e-08
10,5.960464477539064e-08,5.960464477539064e-08,5.960464477539064e-08,1.1920928955078125e-07,1.0,5.960464477539064e-08,5.960464477539064e-08
20,5.960464477539064e-08,5.960464477539064e-08,5.960464477539064e-08,5.960464477539064e-08,5.960464477539064e-08,1.0,5.960464477539064e-08
30,5.960464477539064e-08,5.960464477539064e-08,5.960464477539064e-08,5.960464477539064e-08,5.960464477539064e-08,5.960464477539064e-08,1.0
