Compare,2,3,4,5,10,20,30
2,1.0,0.8325093984603882,0.2303613424301147,0.1563382148742675,0.0851390361785888,0.0393387079238891,5.245208740234375e-06
3,0.8325093984603882,1.0,0.2303613424301147,0.1484795808792114,0.1266481280326843,0.0135546922683715,1.5079975128173828e-05
4,0.2303613424301147,0.2303613424301147,1.0,0.936802864074707,0.5964998602867126,0.0009118914604187,8.344650268554688e-07
5,0.1563382148742675,0.1484795808792114,0.936802864074707,1.0,0.3387878537178039,2.211332321166992e-05,8.344650268554688e-07
10,0.0851390361785888,0.1266481280326843,0.5964998602867126,0.3387878537178039,1.0,1.788139343261719e-07,5.960464477539064e-08
20,0.0393387079238891,0.0135546922683715,0.0009118914604187,2.211332321166992e-05,1.788139343261719e-07,1.0,1.0073184967041016e-05
30,5.245208740234375e-06,1.5079975128173828e-05,8.344650268554688e-07,8.344650268554688e-07,5.960464477539064e-08,1.0073184967041016e-05,1.0
