Compare,2,3,4,5,10,20,30
2,1.0,0.5964998602867126,0.0957334637641906,0.7711594104766846,0.0550704598426818,0.0001398921012878,3.2782554626464844e-06
3,0.5964998602867126,1.0,0.1563382148742675,0.8531995415687561,0.0421501994132995,0.0124664902687072,0.0025079250335693
4,0.0957334637641906,0.1563382148742675,1.0,0.0366820693016052,5.3882598876953125e-05,1.788139343261719e-07,1.1920928955078125e-07
5,0.7711594104766846,0.8531995415687561,0.0366820693016052,1.0,6.365776062011719e-05,1.1920928955078125e-07,1.1920928955078125e-07
10,0.0550704598426818,0.0421501994132995,5.3882598876953125e-05,6.365776062011719e-05,1.0,5.960464477539064e-08,5.960464477539064e-08
20,0.0001398921012878,0.0124664902687072,1.788139343261719e-07,1.1920928955078125e-07,5.960464477539064e-08,1.0,5.960464477539064e-08
30,3.2782554626464844e-06,0.0025079250335693,1.1920928955078125e-07,1.1920928955078125e-07,5.960464477539064e-08,5.960464477539064e-08,1.0
