Compare,2,3,4,5,10,20,30
2,1.0,154.0,117.0,109.0,98.0,86.0,13.0
3,154.0,1.0,117.0,108.0,105.0,72.0,18.0
4,117.0,117.0,1.0,159.0,142.0,45.0,6.0
5,109.0,108.0,159.0,1.0,126.0,20.0,6.0
10,98.0,105.0,142.0,126.0,1.0,2.0,0.0
20,86.0,72.0,45.0,20.0,2.0,1.0,16.0
30,13.0,18.0,6.0,6.0,0.0,16.0,1.0
