Compare,GRU_Att_1,GRU_Att_2,GRU_Att_3,GRU_Att_4,GRU_Linear,GRU_Reference,GRU_Third,GRU_Twice,LSTM_Linear,LSTM_Reference,LSTM_Third,LSTM_Twice,RNN_Linear,RNN_Reference,RNN_Third,RNN_Twice,UniTS
GRU_Att_1,1.0,50.0,41.0,154.0,0.0,0.0,0.0,0.0,0.0,0.0,0.0,0.0,0.0,0.0,0.0,0.0,115.0
GRU_Att_2,50.0,1.0,134.0,36.0,0.0,0.0,0.0,0.0,0.0,0.0,0.0,0.0,0.0,0.0,0.0,0.0,45.0
GRU_Att_3,41.0,134.0,1.0,14.0,0.0,0.0,0.0,0.0,0.0,0.0,0.0,0.0,0.0,0.0,0.0,0.0,38.0
GRU_Att_4,154.0,36.0,14.0,1.0,0.0,0.0,0.0,0.0,0.0,0.0,0.0,0.0,0.0,0.0,0.0,0.0,136.0
GRU_Linear,0.0,0.0,0.0,0.0,1.0,132.0,133.0,113.0,138.0,120.0,119.0,91.0,21.0,85.0,56.0,0.0,0.0
GRU_Reference,0.0,0.0,0.0,0.0,132.0,1.0,151.0,117.0,139.0,131.0,130.0,113.0,30.0,91.0,104.0,0.0,0.0
GRU_Third,0.0,0.0,0.0,0.0,133.0,151.0,1.0,137.0,160.0,115.0,136.0,95.0,29.0,74.0,81.0,6.0,0.0
GRU_Twice,0.0,0.0,0.0,0.0,113.0,117.0,137.0,1.0,114.0,162.0,153.0,115.0,49.0,117.0,112.0,0.0,0.0
LSTM_Linear,0.0,0.0,0.0,0.0,138.0,139.0,160.0,114.0,1.0,134.0,128.0,97.0,47.0,107.0,104.0,1.0,0.0
LSTM_Reference,0.0,0.0,0.0,0.0,120.0,131.0,115.0,162.0,134.0,1.0,157.0,134.0,29.0,123.0,108.0,1.0,0.0
LSTM_Third,0.0,0.0,0.0,0.0,119.0,130.0,136.0,153.0,128.0,157.0,1.0,135.0,38.0,120.0,128.0,1.0,0.0
LSTM_Twice,0.0,0.0,0.0,0.0,91.0,113.0,95.0,115.0,97.0,134.0,135.0,1.0,49.0,144.0,157.0,8.0,0.0
RNN_Linear,0.0,0.0,0.0,0.0,21.0,30.0,29.0,49.0,47.0,29.0,38.0,49.0,1.0,66.0,62.0,22.0,0.0
RNN_Reference,0.0,0.0,0.0,0.0,85.0,91.0,74.0,117.0,107.0,123.0,120.0,144.0,66.0,1.0,151.0,5.0,0.0
RNN_Third,0.0,0.0,0.0,0.0,56.0,104.0,81.0,112.0,104.0,108.0,128.0,157.0,62.0,151.0,1.0,2.0,0.0
RNN_Twice,0.0,0.0,0.0,0.0,0.0,0.0,6.0,0.0,1.0,1.0,1.0,8.0,22.0,5.0,2.0,1.0,0.0
UniTS,115.0,45.0,38.0,136.0,0.0,0.0,0.0,0.0,0.0,0.0,0.0,0.0,0.0,0.0,0.0,0.0,1.0
