Compare,2,3,4,5,10,20,30
2,1.0,5.960464477539064e-08,5.960464477539064e-08,5.960464477539064e-08,5.960464477539064e-08,5.960464477539064e-08,5.960464477539064e-08
3,5.960464477539064e-08,1.0,5.3882598876953125e-05,1.788139343261719e-07,5.960464477539064e-08,5.960464477539064e-08,5.960464477539064e-08
4,5.960464477539064e-08,5.3882598876953125e-05,1.0,0.1644961237907409,5.960464477539064e-08,5.960464477539064e-08,5.960464477539064e-08
5,5.960464477539064e-08,1.788139343261719e-07,0.1644961237907409,1.0,1.132488250732422e-06,5.960464477539064e-08,5.960464477539064e-08
10,5.960464477539064e-08,5.960464477539064e-08,5.960464477539064e-08,1.132488250732422e-06,1.0,5.960464477539064e-08,5.960464477539064e-08
20,5.960464477539064e-08,5.960464477539064e-08,5.960464477539064e-08,5.960464477539064e-08,5.960464477539064e-08,1.0,1.788139343261719e-07
30,5.960464477539064e-08,5.960464477539064e-08,5.960464477539064e-08,5.960464477539064e-08,5.960464477539064e-08,1.788139343261719e-07,1.0
