Compare,2,3,4,5,10,20,30
2,1.0,0.0008081197738647,6.556510925292969e-06,4.172325134277344e-07,5.960464477539064e-08,5.960464477539064e-08,5.960464477539064e-08
3,0.0008081197738647,1.0,6.365776062011719e-05,3.1948089599609375e-05,5.960464477539064e-08,5.960464477539064e-08,5.960464477539064e-08
4,6.556510925292969e-06,6.365776062011719e-05,1.0,0.0801958441734314,1.1920928955078125e-07,5.960464477539064e-08,5.960464477539064e-08
5,4.172325134277344e-07,3.1948089599609375e-05,0.0801958441734314,1.0,1.1920928955078125e-07,5.960464477539064e-08,5.960464477539064e-08
10,5.960464477539064e-08,5.960464477539064e-08,1.1920928955078125e-07,1.1920928955078125e-07,1.0,5.960464477539064e-08,5.960464477539064e-08
20,5.960464477539064e-08,5.960464477539064e-08,5.960464477539064e-08,5.960464477539064e-08,5.960464477539064e-08,1.0,5.960464477539064e-08
30,5.960464477539064e-08,5.960464477539064e-08,5.960464477539064e-08,5.960464477539064e-08,5.960464477539064e-08,5.960464477539064e-08,1.0
