Compare,2,3,4,5,10,20,30
2,1.0,0.0159729719161987,0.0005564093589782,1.829862594604492e-05,5.960464477539064e-08,5.960464477539064e-08,5.960464477539064e-08
3,0.0159729719161987,1.0,0.0010271072387695,1.5079975128173828e-05,5.960464477539064e-08,5.960464477539064e-08,5.960464477539064e-08
4,0.0005564093589782,0.0010271072387695,1.0,0.0025079250335693,5.960464477539064e-08,5.960464477539064e-08,5.960464477539064e-08
5,1.829862594604492e-05,1.5079975128173828e-05,0.0025079250335693,1.0,4.5418739318847656e-05,1.1920928955078125e-07,5.960464477539064e-08
10,5.960464477539064e-08,5.960464477539064e-08,5.960464477539064e-08,4.5418739318847656e-05,1.0,5.960464477539064e-08,5.960464477539064e-08
20,5.960464477539064e-08,5.960464477539064e-08,5.960464477539064e-08,1.1920928955078125e-07,5.960464477539064e-08,1.0,5.960464477539064e-08
30,5.960464477539064e-08,5.960464477539064e-08,5.960464477539064e-08,5.960464477539064e-08,5.960464477539064e-08,5.960464477539064e-08,1.0
