Compare,2,3,4,5,10,20,30
2,1.0,0.1134914755821228,0.0001398921012878,6.556510925292969e-06,5.960464477539064e-08,5.960464477539064e-08,5.960464477539064e-08
3,0.1134914755821228,1.0,0.0003764033317565,3.1948089599609375e-05,1.1920928955078125e-07,5.960464477539064e-08,5.960464477539064e-08
4,0.0001398921012878,0.0003764033317565,1.0,0.0709836483001709,2.980232238769531e-07,5.960464477539064e-08,5.960464477539064e-08
5,6.556510925292969e-06,3.1948089599609375e-05,0.0709836483001709,1.0,1.1920928955078125e-07,5.960464477539064e-08,5.960464477539064e-08
10,5.960464477539064e-08,1.1920928955078125e-07,2.980232238769531e-07,1.1920928955078125e-07,1.0,5.960464477539064e-08,5.960464477539064e-08
20,5.960464477539064e-08,5.960464477539064e-08,5.960464477539064e-08,5.960464477539064e-08,5.960464477539064e-08,1.0,5.960464477539064e-08
30,5.960464477539064e-08,5.960464477539064e-08,5.960464477539064e-08,5.960464477539064e-08,5.960464477539064e-08,5.960464477539064e-08,1.0
