Compare,2,3,4,5,10,20,30
2,1.0,0.066701591014862,0.1409152150154113,0.3525196313858032,0.2634761333465576,0.0030878782272338,0.0014527440071105
3,0.066701591014862,1.0,0.507703959941864,0.2996123433113098,0.0001202225685119,1.1920928955078125e-07,5.960464477539064e-08
4,0.1409152150154113,0.507703959941864,1.0,0.936802864074707,0.0202749371528625,0.0001029968261718,1.829862594604492e-05
5,0.3525196313858032,0.2996123433113098,0.936802864074707,1.0,0.0022552609443664,5.960464477539064e-08,5.960464477539064e-08
10,0.2634761333465576,0.0001202225685119,0.0202749371528625,0.0022552609443664,1.0,5.960464477539064e-08,5.960464477539064e-08
20,0.0030878782272338,1.1920928955078125e-07,0.0001029968261718,5.960464477539064e-08,5.960464477539064e-08,1.0,6.556510925292969e-06
30,0.0014527440071105,5.960464477539064e-08,1.829862594604492e-05,5.960464477539064e-08,5.960464477539064e-08,6.556510925292969e-06,1.0
