Compare,2,3,4,5,10,20,30
2,1.0,0.6528410911560059,0.7509929537773132,0.1134914755821228,0.0421501994132995,0.9578450322151184,0.5249125957489014
3,0.6528410911560059,1.0,0.9158032536506652,0.3809836506843567,0.3957113623619079,0.6338268518447876,0.2634761333465576
4,0.7509929537773132,0.9158032536506652,1.0,0.2410664558410644,0.1336400508880615,0.4261419773101806,0.1563382148742675
5,0.1134914755821228,0.3809836506843567,0.2410664558410644,1.0,0.978915274143219,0.066701591014862,0.0219083428382873
10,0.0421501994132995,0.3957113623619079,0.1336400508880615,0.978915274143219,1.0,0.0002498030662536,6.365776062011719e-05
20,0.9578450322151184,0.6338268518447876,0.4261419773101806,0.066701591014862,0.0002498030662536,1.0,0.0159729719161987
30,0.5249125957489014,0.2634761333465576,0.1563382148742675,0.0219083428382873,6.365776062011719e-05,0.0159729719161987,1.0
