Compare,2,3,4,5,10,20,30
2,1.0,0.615043044090271,0.0341737866401672,0.2099391818046569,0.2751842737197876,0.0010271072387695,1.5079975128173828e-05
3,0.615043044090271,1.0,0.0801958441734314,0.325391948223114,0.2751842737197876,0.0219083428382873,0.0061292052268981
4,0.0341737866401672,0.0801958441734314,1.0,0.1484795808792114,0.0001398921012878,1.829862594604492e-05,4.172325134277344e-07
5,0.2099391818046569,0.325391948223114,0.1484795808792114,1.0,0.0003764033317565,2.980232238769531e-07,1.1920928955078125e-07
10,0.2751842737197876,0.2751842737197876,0.0001398921012878,0.0003764033317565,1.0,5.960464477539064e-08,5.960464477539064e-08
20,0.0010271072387695,0.0219083428382873,1.829862594604492e-05,2.980232238769531e-07,5.960464477539064e-08,1.0,1.788139343261719e-07
30,1.5079975128173828e-05,0.0061292052268981,4.172325134277344e-07,1.1920928955078125e-07,5.960464477539064e-08,1.788139343261719e-07,1.0
