Compare,GRU_Att_1,GRU_Att_2,GRU_Att_3,GRU_Att_4,GRU_Linear,GRU_Reference,GRU_Third,GRU_Twice,LSTM_Linear,LSTM_Reference,LSTM_Third,LSTM_Twice,RNN_Linear,RNN_Reference,RNN_Third,RNN_Twice,UniTS,actual
GRU_Att_1,1.0,1134184395579.0,1140664460502.0,1142555787332.5,1158358346693.0,2263416165600.0,2263416165600.0,2263416165600.0,1152492925070.5,2263416165600.0,2263416165600.0,2263416165600.0,1152537718539.0,2263416165600.0,2263416165600.0,2263416165600.0,1141803130634.0,1135719080962.5
GRU_Att_2,1134184395579.0,1.0,1140341956299.0,1142103456065.5,1158520450155.0,2262264981500.0,2262264981500.0,2262264981500.0,1152439188873.5,2262264981500.0,2262264981500.0,2262264981500.0,1152568187547.0,2262264981500.0,2262264981500.0,2262264981500.0,1141464511526.0,1135275034887.5
GRU_Att_3,1140664460502.0,1140341956299.0,1.0,1135551492522.5,1151950447091.5,2258771525500.0,2258771525500.0,2258771525500.0,1145914053285.0,2258771525500.0,2258771525500.0,2258771525500.0,1146034404919.0,2258771525500.0,2258771525500.0,2258771525500.0,1134853275907.0,1128748941755.0
GRU_Att_4,1142555787332.5,1142103456065.5,1135551492522.5,1.0,1149048556716.5,2259066662300.0,2259066662300.0,2259066662300.0,1143190168807.0,2259066662300.0,2259066662300.0,2259066662300.0,1143161565265.0,2259066662300.0,2259066662300.0,2259066662300.0,1132806639335.0,1126949362410.0
GRU_Linear,1158358346693.0,1158520450155.0,1151950447091.5,1149048556716.5,1.0,2267433640000.0,2267433640000.0,2267433640000.0,1121360572678.0,2267433640000.0,2267433640000.0,2267433640000.0,1123541028164.5,2267433640000.0,2267433640000.0,2267433640000.0,1116630948340.0,1110293010025.0
GRU_Reference,2263416165600.0,2262264981500.0,2258771525500.0,2259066662300.0,2267433640000.0,1.0,1133716820000.0,1133716820000.0,0.0,1133716820000.0,1133716820000.0,1133716820000.0,0.0,1133716820000.0,1133716820000.0,1133716820000.0,60232000.0,9750055000.0
GRU_Third,2263416165600.0,2262264981500.0,2258771525500.0,2259066662300.0,2267433640000.0,1133716820000.0,1.0,1133716820000.0,0.0,1133716820000.0,1133716820000.0,1133716820000.0,0.0,1133716820000.0,1133716820000.0,1133716820000.0,60232000.0,9750055000.0
GRU_Twice,2263416165600.0,2262264981500.0,2258771525500.0,2259066662300.0,2267433640000.0,1133716820000.0,1133716820000.0,1.0,0.0,1133716820000.0,1133716820000.0,1133716820000.0,0.0,1133716820000.0,1133716820000.0,1133716820000.0,60232000.0,9750055000.0
LSTM_Linear,1152492925070.5,1152439188873.5,1145914053285.0,1143190168807.0,1121360572678.0,0.0,0.0,0.0,1.0,2267433640000.0,2267433640000.0,2267433640000.0,1136752704435.5,2267433640000.0,2267433640000.0,2267433640000.0,1123458962479.0,1116181048197.5
LSTM_Reference,2263416165600.0,2262264981500.0,2258771525500.0,2259066662300.0,2267433640000.0,1133716820000.0,1133716820000.0,1133716820000.0,2267433640000.0,1.0,1133716820000.0,1133716820000.0,0.0,1133716820000.0,1133716820000.0,1133716820000.0,60232000.0,9750055000.0
LSTM_Third,2263416165600.0,2262264981500.0,2258771525500.0,2259066662300.0,2267433640000.0,1133716820000.0,1133716820000.0,1133716820000.0,2267433640000.0,1133716820000.0,1.0,1133716820000.0,0.0,1133716820000.0,1133716820000.0,1133716820000.0,60232000.0,9750055000.0
LSTM_Twice,2263416165600.0,2262264981500.0,2258771525500.0,2259066662300.0,2267433640000.0,1133716820000.0,1133716820000.0,1133716820000.0,2267433640000.0,1133716820000.0,1133716820000.0,1.0,0.0,1133716820000.0,1133716820000.0,1133716820000.0,60232000.0,9750055000.0
RNN_Linear,1152537718539.0,1152568187547.0,1146034404919.0,1143161565265.0,1123541028164.5,0.0,0.0,0.0,1136752704435.5,0.0,0.0,0.0,1.0,2267433640000.0,2267433640000.0,2267433640000.0,1123396861753.0,1116150157445.0
RNN_Reference,2263416165600.0,2262264981500.0,2258771525500.0,2259066662300.0,2267433640000.0,1133716820000.0,1133716820000.0,1133716820000.0,2267433640000.0,1133716820000.0,1133716820000.0,1133716820000.0,2267433640000.0,1.0,1133716820000.0,1133716820000.0,60232000.0,9750055000.0
RNN_Third,2263416165600.0,2262264981500.0,2258771525500.0,2259066662300.0,2267433640000.0,1133716820000.0,1133716820000.0,1133716820000.0,2267433640000.0,1133716820000.0,1133716820000.0,1133716820000.0,2267433640000.0,1133716820000.0,1.0,1133716820000.0,60232000.0,9750055000.0
RNN_Twice,2263416165600.0,2262264981500.0,2258771525500.0,2259066662300.0,2267433640000.0,1133716820000.0,1133716820000.0,1133716820000.0,2267433640000.0,1133716820000.0,1133716820000.0,1133716820000.0,2267433640000.0,1133716820000.0,1133716820000.0,1.0,60232000.0,9750055000.0
UniTS,1141803130634.0,1141464511526.0,1134853275907.0,1132806639335.0,1116630948340.0,60232000.0,60232000.0,60232000.0,1123458962479.0,60232000.0,60232000.0,60232000.0,1123396861753.0,60232000.0,60232000.0,60232000.0,1.0,1127309920325.0
actual,1135719080962.5,1135275034887.5,1128748941755.0,1126949362410.0,1110293010025.0,9750055000.0,9750055000.0,9750055000.0,1116181048197.5,9750055000.0,9750055000.0,9750055000.0,1116150157445.0,9750055000.0,9750055000.0,9750055000.0,1127309920325.0,1.0
