Compare,2,3,4,5,10,20,30
2,1.0,0.0159729719161987,1.4901161193847656e-06,1.1920928955078125e-07,5.960464477539064e-08,5.960464477539064e-08,5.960464477539064e-08
3,0.0159729719161987,1.0,2.562999725341797e-06,8.344650268554688e-07,5.960464477539064e-08,5.960464477539064e-08,5.960464477539064e-08
4,1.4901161193847656e-06,2.562999725341797e-06,1.0,0.4741646647453308,1.4901161193847656e-06,5.960464477539064e-08,5.960464477539064e-08
5,1.1920928955078125e-07,8.344650268554688e-07,0.4741646647453308,1.0,5.960464477539064e-08,5.960464477539064e-08,5.960464477539064e-08
10,5.960464477539064e-08,5.960464477539064e-08,1.4901161193847656e-06,5.960464477539064e-08,1.0,5.960464477539064e-08,5.960464477539064e-08
20,5.960464477539064e-08,5.960464477539064e-08,5.960464477539064e-08,5.960464477539064e-08,5.960464477539064e-08,1.0,5.960464477539064e-08
30,5.960464477539064e-08,5.960464477539064e-08,5.960464477539064e-08,5.960464477539064e-08,5.960464477539064e-08,5.960464477539064e-08,1.0
