Compare,2,3,4,5,10,20,30
2,1.0,0.0007149577140808,5.960464477539062e-07,5.960464477539062e-07,5.960464477539064e-08,5.960464477539064e-08,5.960464477539064e-08
3,0.0007149577140808,1.0,0.0041751861572265,0.0004894733428955,5.960464477539064e-08,5.960464477539064e-08,5.960464477539064e-08
4,5.960464477539062e-07,0.0041751861572265,1.0,0.1729585528373718,5.960464477539064e-08,5.960464477539064e-08,5.960464477539064e-08
5,5.960464477539062e-07,0.0004894733428955,0.1729585528373718,1.0,1.0073184967041016e-05,5.960464477539064e-08,5.960464477539064e-08
10,5.960464477539064e-08,5.960464477539064e-08,5.960464477539064e-08,1.0073184967041016e-05,1.0,5.960464477539064e-08,5.960464477539064e-08
20,5.960464477539064e-08,5.960464477539064e-08,5.960464477539064e-08,5.960464477539064e-08,5.960464477539064e-08,1.0,5.960464477539064e-08
30,5.960464477539064e-08,5.960464477539064e-08,5.960464477539064e-08,5.960464477539064e-08,5.960464477539064e-08,5.960464477539064e-08,1.0
