Compare,2,3,4,5,10,20,30
2,1.0,0.0105108022689819,1.132488250732422e-06,5.960464477539064e-08,5.960464477539064e-08,5.960464477539064e-08,5.960464477539064e-08
3,0.0105108022689819,1.0,4.5418739318847656e-05,1.788139343261719e-07,5.960464477539064e-08,5.960464477539064e-08,5.960464477539064e-08
4,1.132488250732422e-06,4.5418739318847656e-05,1.0,0.0274794101715087,5.960464477539064e-08,5.960464477539064e-08,5.960464477539064e-08
5,5.960464477539064e-08,1.788139343261719e-07,0.0274794101715087,1.0,5.960464477539064e-08,5.960464477539064e-08,5.960464477539064e-08
10,5.960464477539064e-08,5.960464477539064e-08,5.960464477539064e-08,5.960464477539064e-08,1.0,5.960464477539064e-08,5.960464477539064e-08
20,5.960464477539064e-08,5.960464477539064e-08,5.960464477539064e-08,5.960464477539064e-08,5.960464477539064e-08,1.0,5.960464477539064e-08
30,5.960464477539064e-08,5.960464477539064e-08,5.960464477539064e-08,5.960464477539064e-08,5.960464477539064e-08,5.960464477539064e-08,1.0
