Compare,2,3,4,5,10,20,30
2,1.0,0.0037809014320373,6.556510925292969e-06,1.788139343261719e-07,5.960464477539064e-08,5.960464477539064e-08,5.960464477539064e-08
3,0.0037809014320373,1.0,1.0073184967041016e-05,4.5418739318847656e-05,5.960464477539064e-08,5.960464477539064e-08,5.960464477539064e-08
4,6.556510925292969e-06,1.0073184967041016e-05,1.0,0.1013973951339721,1.1920928955078125e-07,5.960464477539064e-08,5.960464477539064e-08
5,1.788139343261719e-07,4.5418739318847656e-05,0.1013973951339721,1.0,2.980232238769531e-07,5.960464477539064e-08,5.960464477539064e-08
10,5.960464477539064e-08,5.960464477539064e-08,1.1920928955078125e-07,2.980232238769531e-07,1.0,5.960464477539064e-08,5.960464477539064e-08
20,5.960464477539064e-08,5.960464477539064e-08,5.960464477539064e-08,5.960464477539064e-08,5.960464477539064e-08,1.0,5.960464477539064e-08
30,5.960464477539064e-08,5.960464477539064e-08,5.960464477539064e-08,5.960464477539064e-08,5.960464477539064e-08,5.960464477539064e-08,1.0
