Compare,2,3,4,5,10,20,30
2,1.0,5.3882598876953125e-05,0.0004894733428955,5.3882598876953125e-05,0.0073709487915039,0.0114533305168151,0.0002498030662536
3,5.3882598876953125e-05,1.0,0.0073709487915039,5.960464477539064e-08,0.0515762567520141,0.0255050659179687,0.0004894733428955
4,0.0004894733428955,0.0073709487915039,1.0,0.1266481280326843,0.6528410911560059,0.0255050659179687,0.0004894733428955
5,5.3882598876953125e-05,5.960464477539064e-08,0.1266481280326843,1.0,0.3957113623619079,0.0027848482131958,0.0004894733428955
10,0.0073709487915039,0.0515762567520141,0.6528410911560059,0.3957113623619079,1.0,0.0027848482131958,8.165836334228516e-06
20,0.0114533305168151,0.0255050659179687,0.0255050659179687,0.0027848482131958,0.0027848482131958,1.0,8.165836334228516e-06
30,0.0002498030662536,0.0004894733428955,0.0004894733428955,0.0004894733428955,8.165836334228516e-06,8.165836334228516e-06,1.0
