Compare,2,3,4,5,10,20,30
2,1.0,2.211332321166992e-05,5.960464477539064e-08,5.960464477539064e-08,5.960464477539064e-08,5.960464477539064e-08,5.960464477539064e-08
3,2.211332321166992e-05,1.0,0.0001029968261718,2.980232238769531e-07,5.960464477539064e-08,5.960464477539064e-08,5.960464477539064e-08
4,5.960464477539064e-08,0.0001029968261718,1.0,0.0008081197738647,5.3882598876953125e-05,3.814697265625e-05,1.1920928955078125e-07
5,5.960464477539064e-08,2.980232238769531e-07,0.0008081197738647,1.0,5.960464477539064e-08,5.960464477539064e-08,5.960464477539064e-08
10,5.960464477539064e-08,5.960464477539064e-08,5.3882598876953125e-05,5.960464477539064e-08,1.0,5.960464477539064e-08,5.960464477539064e-08
20,5.960464477539064e-08,5.960464477539064e-08,3.814697265625e-05,5.960464477539064e-08,5.960464477539064e-08,1.0,5.960464477539064e-08
30,5.960464477539064e-08,5.960464477539064e-08,1.1920928955078125e-07,5.960464477539064e-08,5.960464477539064e-08,5.960464477539064e-08,1.0
