Compare,2,3,4,5,10,20,30
2,1.0,4.5418739318847656e-05,5.960464477539064e-08,5.960464477539064e-08,5.960464477539064e-08,5.960464477539064e-08,5.960464477539064e-08
3,4.5418739318847656e-05,1.0,0.0105108022689819,0.0002498030662536,5.960464477539064e-08,5.960464477539064e-08,5.960464477539064e-08
4,5.960464477539064e-08,0.0105108022689819,1.0,8.803606033325195e-05,5.960464477539064e-08,5.960464477539064e-08,5.960464477539064e-08
5,5.960464477539064e-08,0.0002498030662536,8.803606033325195e-05,1.0,5.960464477539064e-08,5.960464477539064e-08,5.960464477539064e-08
10,5.960464477539064e-08,5.960464477539064e-08,5.960464477539064e-08,5.960464477539064e-08,1.0,5.960464477539064e-08,5.960464477539064e-08
20,5.960464477539064e-08,5.960464477539064e-08,5.960464477539064e-08,5.960464477539064e-08,5.960464477539064e-08,1.0,1.788139343261719e-07
30,5.960464477539064e-08,5.960464477539064e-08,5.960464477539064e-08,5.960464477539064e-08,5.960464477539064e-08,1.788139343261719e-07,1.0
