Compare,2,3,4,5,10,20,30
2,1.0,0.4741646647453308,0.8531995415687561,0.7509929537773132,0.6528410911560059,0.0159729719161987,2.562999725341797e-06
3,0.4741646647453308,1.0,0.8531995415687561,0.8531995415687561,0.8531995415687561,0.0515762567520141,5.960464477539064e-08
4,0.8531995415687561,0.8531995415687561,1.0,0.2634761333465576,0.8531995415687561,0.0515762567520141,5.960464477539064e-08
5,0.7509929537773132,0.8531995415687561,0.2634761333465576,1.0,0.6528410911560059,0.0515762567520141,5.960464477539064e-08
10,0.6528410911560059,0.8531995415687561,0.8531995415687561,0.6528410911560059,1.0,8.165836334228516e-06,5.960464477539064e-08
20,0.0159729719161987,0.0515762567520141,0.0515762567520141,0.0515762567520141,8.165836334228516e-06,1.0,5.960464477539064e-08
30,2.562999725341797e-06,5.960464477539064e-08,5.960464477539064e-08,5.960464477539064e-08,5.960464477539064e-08,5.960464477539064e-08,1.0
