Compare,2,3,4,5,10,20,30
2,1.0,115.0,130.0,155.0,155.0,90.0,15.0
3,115.0,1.0,155.0,155.0,155.0,90.0,0.0
4,130.0,155.0,1.0,120.0,155.0,90.0,0.0
5,155.0,155.0,120.0,1.0,145.0,90.0,0.0
10,155.0,155.0,155.0,145.0,1.0,15.0,0.0
20,90.0,90.0,90.0,90.0,15.0,1.0,0.0
30,15.0,0.0,0.0,0.0,0.0,0.0,1.0
