Compare,2,3,4,5,10,20,30
2,1.0,0.2275175284592995,0.2272928038862295,0.2272928038862295,0.8151872329431281,0.2271803787180507,0.2271803787180507
3,0.2275175284592995,1.0,0.2271916231220464,0.2271916231220464,0.8151477012043434,0.2270791602055374,0.2270791602055374
4,0.2272928038862295,0.2271916231220464,1.0,0.4708921021576077,0.4707846322083349,0.2268541084803297,0.0899234544590589
5,0.2272928038862295,0.2271916231220464,0.4708921021576077,1.0,0.4707846322083349,0.2268541084803297,0.2268541084803297
10,0.8151872329431281,0.8151477012043434,0.4707846322083349,0.4707846322083349,1.0,0.226741519638191,0.226741519638191
20,0.2271803787180507,0.2270791602055374,0.2268541084803297,0.2268541084803297,0.226741519638191,1.0,0.226741519638191
30,0.2271803787180507,0.2270791602055374,0.0899234544590589,0.2268541084803297,0.226741519638191,0.226741519638191,1.0
