Compare,2,3,4,5,10,20,30
2,1.0,0.0069968079197863,2.1981738319364547e-06,1.993273430525661e-07,1.4156562248495535e-09,1.4156562248495535e-09,1.4156562248495535e-09
3,0.0069968079197863,1.0,0.0123156800428108,0.0004448888404089,8.280513635549483e-09,1.4156562248495535e-09,1.4156562248495535e-09
4,2.1981738319364547e-06,0.0123156800428108,1.0,0.0990980154217605,4.4598125107340234e-08,1.4156562248495535e-09,1.4156562248495535e-09
5,1.993273430525661e-07,0.0004448888404089,0.0990980154217605,1.0,4.102397977675773e-07,1.4156562248495535e-09,1.4156562248495535e-09
10,1.4156562248495535e-09,8.280513635549483e-09,4.4598125107340234e-08,4.102397977675773e-07,1.0,1.4156562248495535e-09,1.4156562248495535e-09
20,1.4156562248495535e-09,1.4156562248495535e-09,1.4156562248495535e-09,1.4156562248495535e-09,1.4156562248495535e-09,1.0,4.1259395620122645e-09
30,1.4156562248495535e-09,1.4156562248495535e-09,1.4156562248495535e-09,1.4156562248495535e-09,1.4156562248495535e-09,4.1259395620122645e-09,1.0
