Compare,2,3,4,5,10,20,30
2,1.0,0.2278879577127937,0.2274613630312063,0.2274388939269782,0.8152179623251278,0.2272590807388395,0.2272590807388395
3,0.2278879577127937,1.0,0.2275736834141025,0.2275512226888419,0.8152618348677527,0.2273714765565826,0.2273714765565826
4,0.2274613630312063,0.2275736834141025,1.0,0.4710424516847916,0.4708706133324514,0.2269441493190502,0.0899857283052817
5,0.2274388939269782,0.2275512226888419,0.4710424516847916,1.0,0.4708491219254539,0.2269216416284178,0.2269216416284178
10,0.8152179623251278,0.8152618348677527,0.4708706133324514,0.4708491219254539,1.0,0.226741519638191,0.226741519638191
20,0.2272590807388395,0.2273714765565826,0.2269441493190502,0.2269216416284178,0.226741519638191,1.0,0.226741519638191
30,0.2272590807388395,0.2273714765565826,0.0899857283052817,0.2269216416284178,0.226741519638191,0.226741519638191,1.0
