Compare,2,3,4,5,10,20,30
2,1.0,0.0065996328213926,1.2301875434558652e-06,1.1672763878400071e-08,1.4156562248495535e-09,1.4156562248495535e-09,1.4156562248495535e-09
3,0.0065996328213926,1.0,0.0011941407446347,3.876834933731887e-06,1.4156562248495535e-09,1.4156562248495535e-09,1.4156562248495535e-09
4,1.2301875434558652e-06,0.0011941407446347,1.0,0.1031354441272063,2.5742151889055173e-09,1.4156562248495535e-09,1.4156562248495535e-09
5,1.1672763878400071e-08,3.876834933731887e-06,0.1031354441272063,1.0,4.1259395620122645e-09,1.4156562248495535e-09,1.4156562248495535e-09
10,1.4156562248495535e-09,1.4156562248495535e-09,2.5742151889055173e-09,4.1259395620122645e-09,1.0,1.4156562248495535e-09,1.4156562248495535e-09
20,1.4156562248495535e-09,1.4156562248495535e-09,1.4156562248495535e-09,1.4156562248495535e-09,1.4156562248495535e-09,1.0,5.8547346138109755e-09
30,1.4156562248495535e-09,1.4156562248495535e-09,1.4156562248495535e-09,1.4156562248495535e-09,1.4156562248495535e-09,5.8547346138109755e-09,1.0
