Compare,2,3,4,5,10,20,30
2,1.0,0.0283418326973812,1.010830768711528e-06,2.2121962704999198e-07,1.5966671856908888e-09,1.4156562248495535e-09,1.4156562248495535e-09
3,0.0283418326973812,1.0,0.0001671146128687,6.748788594905479e-06,2.5742151889055173e-09,1.4156562248495535e-09,1.4156562248495535e-09
4,1.010830768711528e-06,0.0001671146128687,1.0,0.2523052121646835,9.513272854356268e-08,1.4156562248495535e-09,1.4156562248495535e-09
5,2.2121962704999198e-07,6.748788594905479e-06,0.2523052121646835,1.0,8.293804062212281e-07,1.4156562248495535e-09,1.4156562248495535e-09
10,1.5966671856908888e-09,2.5742151889055173e-09,9.513272854356268e-08,8.293804062212281e-07,1.0,1.4156562248495535e-09,1.4156562248495535e-09
20,1.4156562248495535e-09,1.4156562248495535e-09,1.4156562248495535e-09,1.4156562248495535e-09,1.4156562248495535e-09,1.0,1.4156562248495535e-09
30,1.4156562248495535e-09,1.4156562248495535e-09,1.4156562248495535e-09,1.4156562248495535e-09,1.4156562248495535e-09,1.4156562248495535e-09,1.0
