Compare,2,3,4,5,10,20,30
2,1.0,3.898668734687889e-05,3.2057370198655616e-08,2.5742151889055173e-09,1.4156562248495535e-09,1.4156562248495535e-09,1.4156562248495535e-09
3,3.898668734687889e-05,1.0,0.0098634771274733,2.6596876986770324e-06,1.4156562248495535e-09,1.4156562248495535e-09,1.4156562248495535e-09
4,3.2057370198655616e-08,0.0098634771274733,1.0,0.0028077381497495,1.4156562248495535e-09,1.4156562248495535e-09,1.4156562248495535e-09
5,2.5742151889055173e-09,2.6596876986770324e-06,0.0028077381497495,1.0,1.4156562248495535e-09,1.4156562248495535e-09,1.4156562248495535e-09
10,1.4156562248495535e-09,1.4156562248495535e-09,1.4156562248495535e-09,1.4156562248495535e-09,1.0,1.4156562248495535e-09,1.4156562248495535e-09
20,1.4156562248495535e-09,1.4156562248495535e-09,1.4156562248495535e-09,1.4156562248495535e-09,1.4156562248495535e-09,1.0,5.123412825613384e-06
30,1.4156562248495535e-09,1.4156562248495535e-09,1.4156562248495535e-09,1.4156562248495535e-09,1.4156562248495535e-09,5.123412825613384e-06,1.0
