Compare,2,3,4,5,10,20,30
2,1.0,0.2274838304593727,0.2274388939269782,0.2272590807388395,0.8151740585146513,0.2271466429893907,0.2271466429893907
3,0.2274838304593727,1.0,0.2273714765565826,0.2271916231220464,0.8151477012043434,0.2270791602055374,0.2270791602055374
4,0.2274388939269782,0.2273714765565826,1.0,0.4710639198734893,0.4709565531471079,0.227034163291494,0.0900480006386915
5,0.2272590807388395,0.2271916231220464,0.4710639198734893,1.0,0.4707846322083349,0.2268541084803297,0.2268541084803297
10,0.8151740585146513,0.8151477012043434,0.4709565531471079,0.4707846322083349,1.0,0.226741519638191,0.226741519638191
20,0.2271466429893907,0.2270791602055374,0.227034163291494,0.2268541084803297,0.226741519638191,1.0,0.226741519638191
30,0.2271466429893907,0.2270791602055374,0.0900480006386915,0.2268541084803297,0.226741519638191,0.226741519638191,1.0
