Compare,2,3,4,5,10,20,30
2,1.0,0.2680061679804877,0.267833234990278,0.2677178847642946,0.8916295139292648,0.2275399916978979,0.2275399916978979
3,0.2680061679804877,1.0,0.2280337592600326,0.2279216104980144,0.8153012934527599,0.2274725969547888,0.2274725969547888
4,0.267833234990278,0.2280337592600326,1.0,0.4716425884149405,0.471214125059015,0.2273040440968033,0.0902348084340582
5,0.2677178847642946,0.2279216104980144,0.4716425884149405,1.0,0.4711068485195644,0.2271916231220464,0.2271916231220464
10,0.8916295139292648,0.8153012934527599,0.471214125059015,0.4711068485195644,1.0,0.226741519638191,0.226741519638191
20,0.2275399916978979,0.2274725969547888,0.2273040440968033,0.2271916231220464,0.226741519638191,1.0,0.226741519638191
30,0.2275399916978979,0.2274725969547888,0.0902348084340582,0.2271916231220464,0.226741519638191,0.226741519638191,1.0
