Compare,2,3,4,5,10,20,30
2,1.0,0.2273040440968033,0.2272590807388395,0.2270791602055374,0.8151477012043434,0.2270791602055374,0.2270791602055374
3,0.2273040440968033,1.0,0.2271466429893907,0.2269666553305401,0.8151037472879997,0.2269666553305401,0.2269666553305401
4,0.2272590807388395,0.2271466429893907,1.0,0.4708491219254539,0.4708491219254539,0.2269216416284178,0.0899701599850514
5,0.2270791602055374,0.2269666553305401,0.4708491219254539,1.0,0.4706770976622124,0.226741519638191,0.226741519638191
10,0.8151477012043434,0.8151037472879997,0.4708491219254539,0.4706770976622124,1.0,0.226741519638191,0.226741519638191
20,0.2270791602055374,0.2269666553305401,0.2269216416284178,0.226741519638191,0.226741519638191,1.0,0.226741519638191
30,0.2270791602055374,0.2269666553305401,0.0899701599850514,0.226741519638191,0.226741519638191,0.226741519638191,1.0
