Compare,2,3,4,5,10,20,30
2,1.0,0.2270791602055374,0.2268541084803297,0.2270679116064455,0.8150597620070771,0.2268541084803297,0.2268541084803297
3,0.2270791602055374,1.0,0.2269666553305401,0.2271803787180507,0.8151037472879997,0.2269666553305401,0.2269666553305401
4,0.2268541084803297,0.2269666553305401,1.0,0.470881358067728,0.4706770976622124,0.226741519638191,0.0898456100434353
5,0.2270679116064455,0.2271803787180507,0.470881358067728,1.0,0.470881358067728,0.2269554025346793,0.2269554025346793
10,0.8150597620070771,0.8151037472879997,0.4706770976622124,0.470881358067728,1.0,0.226741519638191,0.226741519638191
20,0.2268541084803297,0.2269666553305401,0.226741519638191,0.2269554025346793,0.226741519638191,1.0,0.226741519638191
30,0.2268541084803297,0.2269666553305401,0.0898456100434353,0.2269554025346793,0.226741519638191,0.226741519638191,1.0
