Compare,2,3,4,5,10,20,30
2,1.0,0.2272141106718024,0.227034163291494,0.227034163291494,0.8150861569414684,0.2269216416284178,0.2269216416284178
3,0.2272141106718024,1.0,0.2271466429893907,0.2271466429893907,0.8151301233991699,0.227034163291494,0.227034163291494
4,0.227034163291494,0.2271466429893907,1.0,0.4708921021576077,0.4707846322083349,0.2268541084803297,0.0899234544590589
5,0.227034163291494,0.2271466429893907,0.4708921021576077,1.0,0.4707846322083349,0.2268541084803297,0.2268541084803297
10,0.8150861569414684,0.8151301233991699,0.4707846322083349,0.4707846322083349,1.0,0.226741519638191,0.226741519638191
20,0.2269216416284178,0.227034163291494,0.2268541084803297,0.2268541084803297,0.226741519638191,1.0,0.226741519638191
30,0.2269216416284178,0.227034163291494,0.0899234544590589,0.2268541084803297,0.226741519638191,0.226741519638191,1.0
