Compare,2,3,4,5,10,20,30
2,1.0,199.0,60.0,45.0,624.0,625.0,0.0
3,199.0,1.0,118.0,80.0,620.0,625.0,625.0
4,60.0,118.0,1.0,253.0,588.0,625.0,625.0
5,45.0,80.0,253.0,1.0,567.0,625.0,625.0
10,624.0,620.0,588.0,567.0,1.0,0.0,0.0
20,625.0,625.0,625.0,625.0,0.0,1.0,0.0
30,0.0,625.0,625.0,625.0,0.0,0.0,1.0
