Compare,2,3,4,5,10,20,30
2,1.0,172.0,62.0,18.0,625.0,625.0,0.0
3,172.0,1.0,145.0,74.0,625.0,625.0,625.0
4,62.0,145.0,1.0,228.0,620.0,625.0,625.0
5,18.0,74.0,228.0,1.0,616.0,625.0,625.0
10,625.0,625.0,620.0,616.0,1.0,0.0,0.0
20,625.0,625.0,625.0,625.0,0.0,1.0,12.0
30,0.0,625.0,625.0,625.0,0.0,12.0,1.0
