Compare,direction,latitude_no_abs,longitude_no_abs,speed
direction,1.0,5.960464477539064e-08,5.960464477539064e-08,5.960464477539064e-08
latitude_no_abs,5.960464477539064e-08,1.0,1.233816146850586e-05,1.788139343261719e-07
longitude_no_abs,5.960464477539064e-08,1.233816146850586e-05,1.0,5.960464477539064e-08
speed,5.960464477539064e-08,1.788139343261719e-07,5.960464477539064e-08,1.0
