Compare,2,3,4,5,10,20,30
2,1.0,3.2134308831337706e-06,3.6689565644207027e-09,1.4156562248495535e-09,1.4156562248495535e-09,1.4156562248495535e-09,1.4156562248495535e-09
3,3.2134308831337706e-06,1.0,4.609380084578664e-05,3.9964952879985783e-08,1.4156562248495535e-09,1.4156562248495535e-09,1.4156562248495535e-09
4,3.6689565644207027e-09,4.609380084578664e-05,1.0,0.0011941407446347,1.4156562248495535e-09,1.4156562248495535e-09,1.4156562248495535e-09
5,1.4156562248495535e-09,3.9964952879985783e-08,0.0011941407446347,1.0,1.4156562248495535e-09,1.4156562248495535e-09,1.4156562248495535e-09
10,1.4156562248495535e-09,1.4156562248495535e-09,1.4156562248495535e-09,1.4156562248495535e-09,1.0,1.4156562248495535e-09,1.4156562248495535e-09
20,1.4156562248495535e-09,1.4156562248495535e-09,1.4156562248495535e-09,1.4156562248495535e-09,1.4156562248495535e-09,1.0,7.379607236795789e-09
30,1.4156562248495535e-09,1.4156562248495535e-09,1.4156562248495535e-09,1.4156562248495535e-09,1.4156562248495535e-09,7.379607236795789e-09,1.0
