Compare,2,3,4,5,10,20,30
2,1.0,1.010830768711528e-06,2.285738709200976e-09,1.4156562248495535e-09,1.4156562248495535e-09,1.4156562248495535e-09,1.4156562248495535e-09
3,1.010830768711528e-06,1.0,1.6471252736590911e-06,1.6400502409539076e-08,1.4156562248495535e-09,1.4156562248495535e-09,1.4156562248495535e-09
4,2.285738709200976e-09,1.6471252736590911e-06,1.0,0.0007888063134956,1.4156562248495535e-09,1.4156562248495535e-09,1.4156562248495535e-09
5,1.4156562248495535e-09,1.6400502409539076e-08,0.0007888063134956,1.0,1.4156562248495535e-09,1.4156562248495535e-09,1.4156562248495535e-09
10,1.4156562248495535e-09,1.4156562248495535e-09,1.4156562248495535e-09,1.4156562248495535e-09,1.0,1.4156562248495535e-09,1.4156562248495535e-09
20,1.4156562248495535e-09,1.4156562248495535e-09,1.4156562248495535e-09,1.4156562248495535e-09,1.4156562248495535e-09,1.0,2.8695495046154212e-08
30,1.4156562248495535e-09,1.4156562248495535e-09,1.4156562248495535e-09,1.4156562248495535e-09,1.4156562248495535e-09,2.8695495046154212e-08,1.0
