Compare,2,3,4,5,10,20,30
2,1.0,1.4156562248495535e-09,1.4156562248495535e-09,1.4156562248495535e-09,1.4156562248495535e-09,1.4156562248495535e-09,1.4156562248495535e-09
3,1.4156562248495535e-09,1.0,5.8547346138109755e-09,1.4156562248495535e-09,1.4156562248495535e-09,1.4156562248495535e-09,1.4156562248495535e-09
4,1.4156562248495535e-09,5.8547346138109755e-09,1.0,3.898668734687889e-05,2.567677870515197e-08,2.567677870515197e-08,2.567677870515197e-08
5,1.4156562248495535e-09,1.4156562248495535e-09,3.898668734687889e-05,1.0,1.4156562248495535e-09,1.4156562248495535e-09,1.4156562248495535e-09
10,1.4156562248495535e-09,1.4156562248495535e-09,2.567677870515197e-08,1.4156562248495535e-09,1.0,1.4156562248495535e-09,1.4156562248495535e-09
20,1.4156562248495535e-09,1.4156562248495535e-09,2.567677870515197e-08,1.4156562248495535e-09,1.4156562248495535e-09,1.0,4.1259395620122645e-09
30,1.4156562248495535e-09,1.4156562248495535e-09,2.567677870515197e-08,1.4156562248495535e-09,1.4156562248495535e-09,4.1259395620122645e-09,1.0
