Compare,2,3,4,5,10,20,30
2,1.0,0.815015745324261,0.815015745324261,0.4706770976622124,0.0898456100434353,0.0898456100434353,0.001586023583918
3,0.815015745324261,1.0,0.815015745324261,0.815015745324261,0.0898456100434353,0.0898456100434353,0.001586023583918
4,0.815015745324261,0.815015745324261,1.0,0.4706770976622124,0.226741519638191,0.0898456100434353,0.001586023583918
5,0.4706770976622124,0.815015745324261,0.4706770976622124,1.0,0.226741519638191,0.0898456100434353,0.001586023583918
10,0.0898456100434353,0.0898456100434353,0.226741519638191,0.226741519638191,1.0,0.0898456100434353,0.001586023583918
20,0.0898456100434353,0.0898456100434353,0.0898456100434353,0.0898456100434353,0.0898456100434353,1.0,0.0898456100434353
30,0.001586023583918,0.001586023583918,0.001586023583918,0.001586023583918,0.001586023583918,0.0898456100434353,1.0
