Compare,2,3,4,5,10,20,30
2,1.0,583.0,624.0,625.0,625.0,625.0,625.0
3,583.0,1.0,551.0,605.0,625.0,625.0,625.0
4,624.0,551.0,1.0,517.0,625.0,625.0,625.0
5,625.0,605.0,517.0,1.0,625.0,625.0,625.0
10,625.0,625.0,625.0,625.0,1.0,625.0,625.0
20,625.0,625.0,625.0,625.0,625.0,1.0,609.0
30,625.0,625.0,625.0,625.0,625.0,609.0,1.0
