Compare,2,3,4,5,10,20,30
2,1.0,530.0,600.0,625.0,625.0,625.0,625.0
3,530.0,1.0,520.0,600.0,625.0,625.0,625.0
4,600.0,520.0,1.0,500.0,625.0,625.0,625.0
5,625.0,600.0,500.0,1.0,625.0,625.0,625.0
10,625.0,625.0,625.0,625.0,1.0,625.0,625.0
20,625.0,625.0,625.0,625.0,625.0,1.0,575.0
30,625.0,625.0,625.0,625.0,625.0,575.0,1.0
