Compare,2,3,4,5,10,20,30
2,1.0,0.0110291666911011,1.966798361552241e-05,5.8547346138109755e-09,1.4156562248495535e-09,1.4156562248495535e-09,1.4156562248495535e-09
3,0.0110291666911011,1.0,0.0269718544263194,1.4949706964024405e-06,2.8980347343027904e-09,1.4156562248495535e-09,1.4156562248495535e-09
4,1.966798361552241e-05,0.0269718544263194,1.0,0.0003312782005934,9.287995833277978e-09,1.4156562248495535e-09,1.4156562248495535e-09
5,5.8547346138109755e-09,1.4949706964024405e-06,0.0003312782005934,1.0,4.255938526376603e-06,1.4156562248495535e-09,1.4156562248495535e-09
10,1.4156562248495535e-09,2.8980347343027904e-09,9.287995833277978e-09,4.255938526376603e-06,1.0,1.3090449026273858e-07,4.1259395620122645e-09
20,1.4156562248495535e-09,1.4156562248495535e-09,1.4156562248495535e-09,1.4156562248495535e-09,1.3090449026273858e-07,1.0,3.0245133415115906e-05
30,1.4156562248495535e-09,1.4156562248495535e-09,1.4156562248495535e-09,1.4156562248495535e-09,4.1259395620122645e-09,3.0245133415115906e-05,1.0
