Compare,2,3,4,5,10,20,30
2,1.0,0.0990980154217605,0.3516793716607548,0.084193950354327,0.0220482112790353,0.0003568117370591,2.7770856207839563e-05
3,0.0990980154217605,1.0,0.361803488317166,0.984519736863829,0.6694793348058024,0.0416200629283655,0.0046139921918485
4,0.3516793716607548,0.361803488317166,1.0,0.3129994773224958,0.1301724240193804,0.001784960606945,0.0002452798120012
5,0.084193950354327,0.984519736863829,0.3129994773224958,1.0,0.65540543793669,0.0256594267916228,0.0011941407446347
10,0.0220482112790353,0.6694793348058024,0.1301724240193804,0.65540543793669,1.0,0.084193950354327,0.0137334043088942
20,0.0003568117370591,0.0416200629283655,0.001784960606945,0.0256594267916228,0.084193950354327,1.0,0.2859010589675479
30,2.7770856207839563e-05,0.0046139921918485,0.0002452798120012,0.0011941407446347,0.0137334043088942,0.2859010589675479,1.0
