Compare,2,3,4,5,10,20,30
2,1.0,1.512668097157208e-05,1.0585145063847504e-07,2.8980347343027904e-09,1.4156562248495535e-09,1.4156562248495535e-09,1.4156562248495535e-09
3,1.512668097157208e-05,1.0,0.0088088532389897,1.1773484087410563e-07,1.4156562248495535e-09,1.4156562248495535e-09,1.4156562248495535e-09
4,1.0585145063847504e-07,0.0088088532389897,1.0,0.0026345660958435,2.028844528419201e-09,1.4156562248495535e-09,1.4156562248495535e-09
5,2.8980347343027904e-09,1.1773484087410563e-07,0.0026345660958435,1.0,8.280513635549483e-09,1.4156562248495535e-09,1.4156562248495535e-09
10,1.4156562248495535e-09,1.4156562248495535e-09,2.028844528419201e-09,8.280513635549483e-09,1.0,1.6471252736590911e-06,8.280513635549483e-09
20,1.4156562248495535e-09,1.4156562248495535e-09,1.4156562248495535e-09,1.4156562248495535e-09,1.6471252736590911e-06,1.0,0.0088088532389897
30,1.4156562248495535e-09,1.4156562248495535e-09,1.4156562248495535e-09,1.4156562248495535e-09,8.280513635549483e-09,0.0088088532389897,1.0
