Compare,2,3,4,5,10,20,30
2,1.0,0.1301724240193804,0.0397148900226877,0.0244026054119215,0.0877382950621407,0.0001221531078416,1.1596228282161116e-05
3,0.1301724240193804,1.0,0.7269006560784503,0.449222933228744,0.9690453003117911,0.016130322106759,0.001784960606945
4,0.0397148900226877,0.7269006560784503,1.0,0.8158901548607471,0.6414528745894932,0.0378842454357326,0.0062228484711899
5,0.0244026054119215,0.449222933228744,0.8158901548607471,1.0,0.4263129132398596,0.0500322861062573,0.0093228677519123
10,0.0877382950621407,0.9690453003117911,0.6414528745894932,0.4263129132398596,1.0,0.0062228484711899,0.0004784983029949
20,0.0001221531078416,0.016130322106759,0.0378842454357326,0.0500322861062573,0.0062228484711899,1.0,0.2772314876173122
30,1.1596228282161116e-05,0.001784960606945,0.0062228484711899,0.0093228677519123,0.0004784983029949,0.2772314876173122,1.0
