Compare,2,3,4,5,10,20,30
2,1.0,0.3319754670827369,0.3319754670827369,0.0774530164054951,0.059825636317548,0.001784960606945,0.0005144641657591
3,0.3319754670827369,1.0,0.8309905299998261,0.5219814481957432,0.497074660807861,0.0244026054119215,0.0078561483669862
4,0.3319754670827369,0.8309905299998261,1.0,0.6276258050283593,0.6276258050283593,0.1031354441272063,0.0681720455766499
5,0.0774530164054951,0.5219814481957432,0.6276258050283593,1.0,0.9690453003117911,0.1403156493773578,0.0523450632731632
10,0.059825636317548,0.497074660807861,0.6276258050283593,0.9690453003117911,1.0,0.0681720455766499,0.0297713469757239
20,0.001784960606945,0.0244026054119215,0.1031354441272063,0.1403156493773578,0.0681720455766499,1.0,0.5094483563706427
30,0.0005144641657591,0.0078561483669862,0.0681720455766499,0.0523450632731632,0.0297713469757239,0.5094483563706427,1.0
