Compare,2,3,4,5,10,20,30
2,1.0,0.1403156493773578,0.3516793716607548,0.6003641276866312,0.22156412892169,0.0040837137563017,0.0007888063134956
3,0.1403156493773578,1.0,0.497074660807861,0.2003383819344965,0.5605090914385145,0.1744003891501825,0.0378842454357326
4,0.3516793716607548,0.497074660807861,1.0,0.5736510006245363,0.8919636193705659,0.045663178484859,0.0062228484711899
5,0.6003641276866312,0.2003383819344965,0.5736510006245363,1.0,0.3037847253883319,0.0093228677519123,0.0021719718205802
10,0.22156412892169,0.5605090914385145,0.8919636193705659,0.3037847253883319,1.0,0.0312624231206811,0.0043415185177975
20,0.0040837137563017,0.1744003891501825,0.045663178484859,0.0093228677519123,0.0312624231206811,1.0,0.4040992479205485
30,0.0007888063134956,0.0378842454357326,0.0062228484711899,0.0021719718205802,0.0043415185177975,0.4040992479205485,1.0
