Compare,2,3,4,5,10,20,30
2,1.0,0.984519736863829,0.0009720824650649,0.0004784983029949,0.0002106045416463,0.0001321797482991,0.0011153845128289
3,0.984519736863829,1.0,0.0028077381497495,0.0033914710682818,0.0011153845128289,0.0012780072258254,0.0123156800428108
4,0.0009720824650649,0.0028077381497495,1.0,0.8461535661468554,0.7710186241805638,0.861373792455552,0.2289853371196133
5,0.0004784983029949,0.0033914710682818,0.8461535661468554,1.0,0.7123855280840246,0.8461535661468554,0.1403156493773578
10,0.0002106045416463,0.0011153845128289,0.7710186241805638,0.7123855280840246,1.0,0.5219814481957432,0.0990980154217605
20,0.0001321797482991,0.0012780072258254,0.861373792455552,0.8461535661468554,0.5219814481957432,1.0,0.0914020247378993
30,0.0011153845128289,0.0123156800428108,0.2289853371196133,0.1403156493773578,0.0990980154217605,0.0914020247378993,1.0
