Compare,2,3,4,5,10,20,30
2,1.0,0.0244026054119215,0.084193950354327,0.0019062927884821,3.583595520473842e-05,2.338770210670084e-05,0.0002852572319832
3,0.0244026054119215,1.0,0.415118275851869,0.4728155871746813,0.1253189420819512,0.2443547200327205,0.5219814481957432
4,0.084193950354327,0.415118275851869,1.0,0.0877382950621407,0.0043415185177975,0.0130074666079586,0.0742512283432617
5,0.0019062927884821,0.4728155871746813,0.0877382950621407,1.0,0.415118275851869,0.9227150779556011,0.6694793348058024
10,3.583595520473842e-05,0.1253189420819512,0.0043415185177975,0.415118275851869,1.0,0.2523052121646835,0.0774530164054951
20,2.338770210670084e-05,0.2443547200327205,0.0130074666079586,0.9227150779556011,0.2523052121646835,1.0,0.3721083307918155
30,0.0002852572319832,0.5219814481957432,0.0742512283432617,0.6694793348058024,0.0774530164054951,0.3721083307918155,1.0
