Compare,2,3,4,5,10,20,30
2,1.0,0.3129994773224958,0.003185634970406,0.0008459956494718,7.67573709030838e-08,2.567677870515197e-08,8.280513635549483e-09
3,0.3129994773224958,1.0,0.084193950354327,0.0152933710301989,2.567677870515197e-08,2.2967213940445122e-08,8.280513635549483e-09
4,0.003185634970406,0.084193950354327,1.0,0.0083203092261884,1.4156562248495535e-09,1.4156562248495535e-09,1.4156562248495535e-09
5,0.0008459956494718,0.0152933710301989,0.0083203092261884,1.0,2.454267938962334e-07,1.4156562248495535e-09,1.4156562248495535e-09
10,7.67573709030838e-08,2.567677870515197e-08,1.4156562248495535e-09,2.454267938962334e-07,1.0,1.010830768711528e-06,1.4156562248495535e-09
20,2.567677870515197e-08,2.2967213940445122e-08,1.4156562248495535e-09,1.4156562248495535e-09,1.010830768711528e-06,1.0,5.909644085596015e-05
30,8.280513635549483e-09,8.280513635549483e-09,1.4156562248495535e-09,1.4156562248495535e-09,1.4156562248495535e-09,5.909644085596015e-05,1.0
