Compare,2,3,4,5,10,20,30
2,1.0,444.0,533.0,613.0,0.0,0.0,625.0
3,444.0,1.0,427.0,561.0,6.0,0.0,0.0
4,533.0,427.0,1.0,498.0,16.0,0.0,0.0
5,613.0,561.0,498.0,1.0,75.0,0.0,0.0
10,0.0,6.0,16.0,75.0,1.0,585.0,616.0
20,0.0,0.0,0.0,0.0,585.0,1.0,528.0
30,625.0,0.0,0.0,0.0,616.0,528.0,1.0
