Compare,2,3,4,5,10,20,30
2,1.0,0.4717709272740102,0.8152969104139275,0.8152881434001918,0.8152179623251278,0.4711712221679731,0.4711712221679731
3,0.4717709272740102,1.0,0.8916373190594733,0.8153319659913796,0.8152618348677527,0.4712784600938487,0.2273714765565826
4,0.8152969104139275,0.8916373190594733,1.0,0.8151652739971453,0.8150949527421747,0.4708706133324514,0.2269441493190502
5,0.8152881434001918,0.8153319659913796,0.8151652739971453,1.0,0.8150861569414684,0.4708491219254539,0.2269216416284178
10,0.8152179623251278,0.8152618348677527,0.8150949527421747,0.8150861569414684,1.0,0.4706770976622124,0.226741519638191
20,0.4711712221679731,0.4712784600938487,0.4708706133324514,0.4708491219254539,0.4706770976622124,1.0,0.226741519638191
30,0.4711712221679731,0.2273714765565826,0.2269441493190502,0.2269216416284178,0.226741519638191,0.226741519638191,1.0
