Compare,2,3,4,5,10,20,30
2,1.0,0.4714177732703479,0.8152311273693509,0.8152311273693509,0.8151872329431281,0.4710961173243023,0.4710961173243023
3,0.4714177732703479,1.0,0.8151916237933605,0.8151916237933605,0.8151477012043434,0.4709995075735422,0.2270791602055374
4,0.8152311273693509,0.8151916237933605,1.0,0.8151037472879997,0.8150597620070771,0.4707846322083349,0.2268541084803297
5,0.8152311273693509,0.8151916237933605,0.8151037472879997,1.0,0.8150597620070771,0.4707846322083349,0.2268541084803297
10,0.8151872329431281,0.8151477012043434,0.8150597620070771,0.8150597620070771,1.0,0.4706770976622124,0.226741519638191
20,0.4710961173243023,0.4709995075735422,0.4707846322083349,0.4707846322083349,0.4706770976622124,1.0,0.226741519638191
30,0.4710961173243023,0.2270791602055374,0.2268541084803297,0.2268541084803297,0.226741519638191,0.226741519638191,1.0
