Compare,2,3,4,5,10,20,30
2,1.0,1.512668097157208e-05,1.6165078471270486e-07,5.212009041434306e-09,1.4156562248495535e-09,1.4156562248495535e-09,1.4156562248495535e-09
3,1.512668097157208e-05,1.0,0.0088088532389897,6.415379543852064e-05,2.285738709200976e-09,1.4156562248495535e-09,1.4156562248495535e-09
4,1.6165078471270486e-07,0.0088088532389897,1.0,0.0625082023135384,3.2057370198655616e-08,1.4156562248495535e-09,1.4156562248495535e-09
5,5.212009041434306e-09,6.415379543852064e-05,0.0625082023135384,1.0,1.3849204404429867e-05,1.5966671856908888e-09,1.4156562248495535e-09
10,1.4156562248495535e-09,2.285738709200976e-09,3.2057370198655616e-08,1.3849204404429867e-05,1.0,3.9964952879985783e-08,2.285738709200976e-09
20,1.4156562248495535e-09,1.4156562248495535e-09,1.4156562248495535e-09,1.5966671856908888e-09,3.9964952879985783e-08,1.0,0.0001950465725243
30,1.4156562248495535e-09,1.4156562248495535e-09,1.4156562248495535e-09,1.4156562248495535e-09,2.285738709200976e-09,0.0001950465725243,1.0
