Compare,2,3,4,5,10,20,30
2,1.0,0.0078561483669862,4.102397977675773e-07,5.8547346138109755e-09,1.4156562248495535e-09,1.4156562248495535e-09,1.4156562248495535e-09
3,0.0078561483669862,1.0,0.0002106045416463,6.890917196046459e-08,1.4156562248495535e-09,1.4156562248495535e-09,1.4156562248495535e-09
4,4.102397977675773e-07,0.0002106045416463,1.0,0.0001671146128687,2.8980347343027904e-09,1.4156562248495535e-09,1.4156562248495535e-09
5,5.8547346138109755e-09,6.890917196046459e-08,0.0001671146128687,1.0,2.721835438261773e-07,1.4156562248495535e-09,1.4156562248495535e-09
10,1.4156562248495535e-09,1.4156562248495535e-09,2.8980347343027904e-09,2.721835438261773e-07,1.0,2.567677870515197e-08,1.4156562248495535e-09
20,1.4156562248495535e-09,1.4156562248495535e-09,1.4156562248495535e-09,1.4156562248495535e-09,2.567677870515197e-08,1.0,0.0001128466666815
30,1.4156562248495535e-09,1.4156562248495535e-09,1.4156562248495535e-09,1.4156562248495535e-09,1.4156562248495535e-09,0.0001128466666815,1.0
