Compare,2,3,4,5,10,20,30
2,1.0,0.0021719718205802,2.454267938962334e-07,2.567677870515197e-08,1.4156562248495535e-09,1.4156562248495535e-09,1.4156562248495535e-09
3,0.0021719718205802,1.0,2.5489812238008988e-05,6.158773238319999e-06,1.4156562248495535e-09,1.4156562248495535e-09,1.4156562248495535e-09
4,2.454267938962334e-07,2.5489812238008988e-05,1.0,0.0478057953309806,1.0414237514679075e-08,1.4156562248495535e-09,1.4156562248495535e-09
5,2.567677870515197e-08,6.158773238319999e-06,0.0478057953309806,1.0,3.704514408827082e-07,1.4156562248495535e-09,1.4156562248495535e-09
10,1.4156562248495535e-09,1.4156562248495535e-09,1.0414237514679075e-08,3.704514408827082e-07,1.0,1.4156562248495535e-09,1.4156562248495535e-09
20,1.4156562248495535e-09,1.4156562248495535e-09,1.4156562248495535e-09,1.4156562248495535e-09,1.4156562248495535e-09,1.0,6.795117843100685e-07
30,1.4156562248495535e-09,1.4156562248495535e-09,1.4156562248495535e-09,1.4156562248495535e-09,1.4156562248495535e-09,6.795117843100685e-07,1.0
