Compare,2,3,4,5,10,20,30
2,1.0,0.521491062702206,0.8155724340404187,0.8154982078675691,0.815371379670728,0.4715462737104499,0.4715462737104499
3,0.521491062702206,1.0,0.8155244155714554,0.8154501313902447,0.8153232039680482,0.471428485171139,0.2275287602880562
4,0.8155724340404187,0.8155244155714554,1.0,0.8153451066886039,0.8152179623251278,0.4711712221679731,0.2272590807388395
5,0.8154982078675691,0.8154501313902447,0.8153451066886039,1.0,0.815143307223053,0.4709887699341407,0.2270679116064455
10,0.815371379670728,0.8153232039680482,0.8152179623251278,0.815143307223053,1.0,0.4706770976622124,0.226741519638191
20,0.4715462737104499,0.471428485171139,0.4711712221679731,0.4709887699341407,0.4706770976622124,1.0,0.226741519638191
30,0.4715462737104499,0.2275287602880562,0.2272590807388395,0.2270679116064455,0.226741519638191,0.226741519638191,1.0
