Compare,2,3,4,5,10,20,30
2,1.0,0.0083203092261884,9.695744074293171e-06,3.704514408827082e-07,1.5966671856908888e-09,1.4156562248495535e-09,1.4156562248495535e-09
3,0.0083203092261884,1.0,0.0344375632922904,0.0002645614741182,2.5742151889055173e-09,1.4156562248495535e-09,1.4156562248495535e-09
4,9.695744074293171e-06,0.0344375632922904,1.0,0.045663178484859,1.993273430525661e-07,1.1672763878400071e-08,4.638138549093065e-09
5,3.704514408827082e-07,0.0002645614741182,0.045663178484859,1.0,5.123412825613384e-06,2.285738709200976e-09,1.5966671856908888e-09
10,1.5966671856908888e-09,2.5742151889055173e-09,1.993273430525661e-07,5.123412825613384e-06,1.0,3.898668734687889e-05,3.017472761840763e-07
20,1.4156562248495535e-09,1.4156562248495535e-09,1.1672763878400071e-08,2.285738709200976e-09,3.898668734687889e-05,1.0,0.0088088532389897
30,1.4156562248495535e-09,1.4156562248495535e-09,4.638138549093065e-09,1.5966671856908888e-09,3.017472761840763e-07,0.0088088532389897,1.0
