Compare,2,3,4,5,10,20,30
2,1.0,0.471214125059015,0.8152179623251278,0.8151477012043434,0.8151477012043434,0.4709995075735422,0.4709995075735422
3,0.471214125059015,1.0,0.8151740585146513,0.8151037472879997,0.8151037472879997,0.4708921021576077,0.2269666553305401
4,0.8152179623251278,0.8151740585146513,1.0,0.8150861569414684,0.8150861569414684,0.4708491219254539,0.2269216416284178
5,0.8151477012043434,0.8151037472879997,0.8150861569414684,1.0,0.815015745324261,0.4706770976622124,0.226741519638191
10,0.8151477012043434,0.8151037472879997,0.8150861569414684,0.815015745324261,1.0,0.4706770976622124,0.226741519638191
20,0.4709995075735422,0.4708921021576077,0.4708491219254539,0.4706770976622124,0.4706770976622124,1.0,0.226741519638191
30,0.4709995075735422,0.2269666553305401,0.2269216416284178,0.226741519638191,0.226741519638191,0.226741519638191,1.0
