Compare,2,3,4,5,10,20,30
2,1.0,0.5333512386553154,0.8916060884155462,0.891564405522832,0.891538329282918,0.4132729201380821,0.4132729201380821
3,0.5333512386553154,1.0,0.8152618348677527,0.8151916237933605,0.8151477012043434,0.4709995075735422,0.2270791602055374
4,0.8916060884155462,0.8152618348677527,1.0,0.8151740585146513,0.8151301233991699,0.4709565531471079,0.227034163291494
5,0.891564405522832,0.8151916237933605,0.8151740585146513,1.0,0.8150597620070771,0.4707846322083349,0.2268541084803297
10,0.891538329282918,0.8151477012043434,0.8151301233991699,0.8150597620070771,1.0,0.4706770976622124,0.226741519638191
20,0.4132729201380821,0.4709995075735422,0.4709565531471079,0.4707846322083349,0.4706770976622124,1.0,0.226741519638191
30,0.4132729201380821,0.2270791602055374,0.227034163291494,0.2268541084803297,0.226741519638191,0.226741519638191,1.0
