Compare,2,3,4,5,10,20,30
2,1.0,0.0016707639271962,6.158773238319999e-06,1.0585145063847504e-07,1.4156562248495535e-09,1.4156562248495535e-09,1.4156562248495535e-09
3,0.0016707639271962,1.0,0.016130322106759,0.0001429782562927,3.2613906321195843e-09,1.4156562248495535e-09,1.4156562248495535e-09
4,6.158773238319999e-06,0.016130322106759,1.0,0.045663178484859,6.890917196046459e-08,1.4156562248495535e-09,1.4156562248495535e-09
5,1.0585145063847504e-07,0.0001429782562927,0.045663178484859,1.0,2.92400809476093e-06,1.4156562248495535e-09,1.4156562248495535e-09
10,1.4156562248495535e-09,3.2613906321195843e-09,6.890917196046459e-08,2.92400809476093e-06,1.0,2.338770210670084e-05,1.3090449026273858e-07
20,1.4156562248495535e-09,1.4156562248495535e-09,1.4156562248495535e-09,1.4156562248495535e-09,2.338770210670084e-05,1.0,0.0297713469757239
30,1.4156562248495535e-09,1.4156562248495535e-09,1.4156562248495535e-09,1.4156562248495535e-09,1.3090449026273858e-07,0.0297713469757239,1.0
