Compare,2,3,4,5,10,20,30
2,1.0,0.4711283089779549,0.8151301233991699,0.8151301233991699,0.8150861569414684,0.4708491219254539,0.4708491219254539
3,0.4711283089779549,1.0,0.8151740585146513,0.8151740585146513,0.8151301233991699,0.4709565531471079,0.227034163291494
4,0.8151301233991699,0.8151740585146513,1.0,0.8151037472879997,0.8150597620070771,0.4707846322083349,0.2268541084803297
5,0.8151301233991699,0.8151740585146513,0.8151037472879997,1.0,0.8150597620070771,0.4707846322083349,0.2268541084803297
10,0.8150861569414684,0.8151301233991699,0.8150597620070771,0.8150597620070771,1.0,0.4706770976622124,0.226741519638191
20,0.4708491219254539,0.4709565531471079,0.4707846322083349,0.4707846322083349,0.4706770976622124,1.0,0.226741519638191
30,0.4708491219254539,0.227034163291494,0.2268541084803297,0.2268541084803297,0.226741519638191,0.226741519638191,1.0
