Compare,2,3,4,5,10,20,30
2,1.0,0.0001321797482991,2.6596876986770324e-06,1.4156562248495535e-09,1.4156562248495535e-09,1.4156562248495535e-09,1.4156562248495535e-09
3,0.0001321797482991,1.0,0.0016707639271962,4.255938526376603e-06,1.4156562248495535e-09,1.4156562248495535e-09,1.4156562248495535e-09
4,2.6596876986770324e-06,0.0016707639271962,1.0,0.0078561483669862,2.567677870515197e-08,1.4156562248495535e-09,1.4156562248495535e-09
5,1.4156562248495535e-09,4.255938526376603e-06,0.0078561483669862,1.0,4.255938526376603e-06,1.4156562248495535e-09,1.4156562248495535e-09
10,1.4156562248495535e-09,1.4156562248495535e-09,2.567677870515197e-08,4.255938526376603e-06,1.0,1.6516032355380008e-05,1.4156562248495535e-09
20,1.4156562248495535e-09,1.4156562248495535e-09,1.4156562248495535e-09,1.4156562248495535e-09,1.6516032355380008e-05,1.0,0.0016707639271962
30,1.4156562248495535e-09,1.4156562248495535e-09,1.4156562248495535e-09,1.4156562248495535e-09,1.4156562248495535e-09,0.0016707639271962,1.0
