Compare,2,3,4,5,10,20,30
2,1.0,536.0,583.0,614.0,0.0,0.0,625.0
3,536.0,1.0,448.0,519.0,4.0,0.0,0.0
4,583.0,448.0,1.0,409.0,27.0,0.0,0.0
5,614.0,519.0,409.0,1.0,88.0,1.0,0.0
10,0.0,4.0,27.0,88.0,1.0,596.0,621.0
20,0.0,0.0,0.0,1.0,596.0,1.0,505.0
30,625.0,0.0,0.0,0.0,621.0,505.0,1.0
