Compare,2,3,4,5,10,20,30
2,1.0,0.936802864074707,0.2872292995452881,0.1644961237907409,0.8948604464530945,0.0255050659179687,1.1920928955078125e-07
3,0.936802864074707,1.0,0.1644961237907409,0.1199337840080261,0.8119303584098816,0.0034192204475402,6.556510925292969e-06
4,0.2872292995452881,0.1644961237907409,1.0,0.936802864074707,0.1336400508880615,0.0006313323974609,1.1920928955078125e-07
5,0.1644961237907409,0.1199337840080261,0.936802864074707,1.0,0.0515762567520141,1.829862594604492e-05,5.960464477539064e-08
10,0.8948604464530945,0.8119303584098816,0.1336400508880615,0.0515762567520141,1.0,1.788139343261719e-07,5.960464477539064e-08
20,0.0255050659179687,0.0034192204475402,0.0006313323974609,1.829862594604492e-05,1.788139343261719e-07,1.0,3.2782554626464844e-06
30,1.1920928955078125e-07,6.556510925292969e-06,1.1920928955078125e-07,5.960464477539064e-08,5.960464477539064e-08,3.2782554626464844e-06,1.0
