Compare,2,3,4,5,10,20,30
2,1.0,0.1484795808792114,0.507703959941864,0.6915188431739807,0.0135546922683715,0.0010271072387695,0.0001202225685119
3,0.1484795808792114,1.0,0.1134914755821228,0.0202749371528625,1.788139343261719e-07,5.960464477539064e-08,5.960464477539064e-08
4,0.507703959941864,0.1134914755821228,1.0,0.2634761333465576,0.0004894733428955,1.132488250732422e-06,5.960464477539062e-07
5,0.6915188431739807,0.0202749371528625,0.2634761333465576,1.0,1.132488250732422e-06,5.960464477539064e-08,5.960464477539064e-08
10,0.0135546922683715,1.788139343261719e-07,0.0004894733428955,1.132488250732422e-06,1.0,5.960464477539064e-08,5.960464477539064e-08
20,0.0010271072387695,5.960464477539064e-08,1.132488250732422e-06,5.960464477539064e-08,5.960464477539064e-08,1.0,2.980232238769531e-07
30,0.0001202225685119,5.960464477539064e-08,5.960464477539062e-07,5.960464477539064e-08,5.960464477539064e-08,2.980232238769531e-07,1.0
