Compare,2,3,4,5,10,20,30
2,1.0,0.615043044090271,0.7309892177581787,0.2099391818046569,0.2996123433113098,0.0903161168098449,0.0202749371528625
3,0.615043044090271,1.0,0.8531995415687561,0.6528410911560059,0.978915274143219,0.0159729719161987,0.0022552609443664
4,0.7309892177581787,0.8531995415687561,1.0,0.2872292995452881,0.978915274143219,0.0046046376228332,0.0011548399925231
5,0.2099391818046569,0.6528410911560059,0.2872292995452881,1.0,0.325391948223114,0.0187447071075439,0.0135546922683715
10,0.2996123433113098,0.978915274143219,0.978915274143219,0.325391948223114,1.0,1.233816146850586e-05,1.132488250732422e-06
20,0.0903161168098449,0.0159729719161987,0.0046046376228332,0.0187447071075439,1.233816146850586e-05,1.0,0.0014527440071105
30,0.0202749371528625,0.0022552609443664,0.0011548399925231,0.0135546922683715,1.132488250732422e-06,0.0014527440071105,1.0
