Compare,2,3,4,5,10,20,30
2,1.0,0.7111607789993286,0.1644961237907409,0.978915274143219,0.0159729719161987,1.0073184967041016e-05,1.132488250732422e-06
3,0.7111607789993286,1.0,0.2634761333465576,0.9578450322151184,0.0274794101715087,0.0020251274108886,0.0002498030662536
4,0.1644961237907409,0.2634761333465576,1.0,0.0219083428382873,5.3882598876953125e-05,1.1920928955078125e-07,1.1920928955078125e-07
5,0.978915274143219,0.9578450322151184,0.0219083428382873,1.0,6.365776062011719e-05,1.1920928955078125e-07,5.960464477539064e-08
10,0.0159729719161987,0.0274794101715087,5.3882598876953125e-05,6.365776062011719e-05,1.0,5.960464477539064e-08,5.960464477539064e-08
20,1.0073184967041016e-05,0.0020251274108886,1.1920928955078125e-07,1.1920928955078125e-07,5.960464477539064e-08,1.0,5.960464477539064e-08
30,1.132488250732422e-06,0.0002498030662536,1.1920928955078125e-07,5.960464477539064e-08,5.960464477539064e-08,5.960464477539064e-08,1.0
