Compare,2,3,4,5,10,20,30
2,1.0,0.4261419773101806,0.507703959941864,0.6338268518447876,6.556510925292969e-06,5.960464477539064e-08,5.960464477539064e-08
3,0.4261419773101806,1.0,0.1409152150154113,0.0008081197738647,1.788139343261719e-07,5.960464477539064e-08,5.960464477539064e-08
4,0.507703959941864,0.1409152150154113,1.0,0.0027848482131958,5.960464477539064e-08,5.960464477539064e-08,5.960464477539064e-08
5,0.6338268518447876,0.0008081197738647,0.0027848482131958,1.0,5.960464477539064e-08,5.960464477539064e-08,5.960464477539064e-08
10,6.556510925292969e-06,1.788139343261719e-07,5.960464477539064e-08,5.960464477539064e-08,1.0,5.960464477539064e-08,5.960464477539064e-08
20,5.960464477539064e-08,5.960464477539064e-08,5.960464477539064e-08,5.960464477539064e-08,5.960464477539064e-08,1.0,1.788139343261719e-07
30,5.960464477539064e-08,5.960464477539064e-08,5.960464477539064e-08,5.960464477539064e-08,5.960464477539064e-08,1.788139343261719e-07,1.0
