Compare,2,3,4,5,10,20,30
2,1.0,0.1031354441272063,0.5869371700692589,0.084193950354327,0.0378842454357326,0.000104211945158,3.2134308831337706e-06
3,0.1031354441272063,1.0,0.3516793716607548,0.953582510349677,0.5736510006245363,0.0130074666079586,0.0014622778441816
4,0.5869371700692589,0.3516793716607548,1.0,0.3223963931070317,0.1403156493773578,0.0013672819301753,0.0001546036741606
5,0.084193950354327,0.953582510349677,0.3223963931070317,1.0,0.497074660807861,0.0231994873150693,0.0023171704877854
10,0.0378842454357326,0.5736510006245363,0.1403156493773578,0.497074660807861,1.0,0.0877382950621407,0.0152933710301989
20,0.000104211945158,0.0130074666079586,0.0013672819301753,0.0231994873150693,0.0877382950621407,1.0,0.361803488317166
30,3.2134308831337706e-06,0.0014622778441816,0.0001546036741606,0.0023171704877854,0.0152933710301989,0.361803488317166,1.0
