Compare,2,3,4,5,10,20,30
2,1.0,1.9972906531952006e-06,1.4156562248495535e-09,1.4156562248495535e-09,1.4156562248495535e-09,1.4156562248495535e-09,1.4156562248495535e-09
3,1.9972906531952006e-06,1.0,1.993273430525661e-07,2.028844528419201e-09,1.4156562248495535e-09,1.4156562248495535e-09,1.4156562248495535e-09
4,1.4156562248495535e-09,1.993273430525661e-07,1.0,1.115331189492996e-06,1.4156562248495535e-09,1.4156562248495535e-09,1.4156562248495535e-09
5,1.4156562248495535e-09,2.028844528419201e-09,1.115331189492996e-06,1.0,1.4156562248495535e-09,1.4156562248495535e-09,1.4156562248495535e-09
10,1.4156562248495535e-09,1.4156562248495535e-09,1.4156562248495535e-09,1.4156562248495535e-09,1.0,5.559142880976697e-07,3.6689565644207027e-09
20,1.4156562248495535e-09,1.4156562248495535e-09,1.4156562248495535e-09,1.4156562248495535e-09,5.559142880976697e-07,1.0,0.003185634970406
30,1.4156562248495535e-09,1.4156562248495535e-09,1.4156562248495535e-09,1.4156562248495535e-09,3.6689565644207027e-09,0.003185634970406,1.0
