Compare,2,3,4,5,10,20,30
2,1.0,0.0378842454357326,0.003839880001355,0.0231994873150693,0.0152933710301989,4.255938526376603e-06,1.993273430525661e-07
3,0.0378842454357326,1.0,0.8158901548607471,0.953582510349677,0.8919636193705659,0.0220482112790353,0.0019062927884821
4,0.003839880001355,0.8158901548607471,1.0,0.65540543793669,0.6276258050283593,0.0062228484711899,0.0002852572319832
5,0.0231994873150693,0.953582510349677,0.65540543793669,1.0,0.9073219836857066,0.0144948923475206,0.0015633235674326
10,0.0152933710301989,0.8919636193705659,0.6276258050283593,0.9073219836857066,1.0,0.0043415185177975,0.0001546036741606
20,4.255938526376603e-06,0.0220482112790353,0.0062228484711899,0.0144948923475206,0.0043415185177975,1.0,0.1870374933759154
30,1.993273430525661e-07,0.0019062927884821,0.0002852572319832,0.0015633235674326,0.0001546036741606,0.1870374933759154,1.0
