Compare,2,3,4,5,10,20,30
2,1.0,0.9227150779556011,0.6003641276866312,0.1744003891501825,0.0093228677519123,1.3849204404429867e-05,1.795360263143029e-07
3,0.9227150779556011,1.0,0.6414528745894932,0.268742772421077,0.0256594267916228,0.0001221531078416,1.1596228282161116e-05
4,0.6003641276866312,0.6414528745894932,1.0,0.1744003891501825,0.0144948923475206,0.0001321797482991,2.7770856207839563e-05
5,0.1744003891501825,0.268742772421077,0.1744003891501825,1.0,0.1403156493773578,0.0029912465204538,0.0001321797482991
10,0.0093228677519123,0.0256594267916228,0.0144948923475206,0.1403156493773578,1.0,0.1403156493773578,0.0436020520360401
20,1.3849204404429867e-05,0.0001221531078416,0.0001321797482991,0.0029912465204538,0.1403156493773578,1.0,0.4376816780828031
30,1.795360263143029e-07,1.1596228282161116e-05,2.7770856207839563e-05,0.0001321797482991,0.0436020520360401,0.4376816780828031,1.0
