Compare,2,3,4,5,10,20,30
2,1.0,0.1870374933759154,0.3825931773694824,0.7858989168050492,0.3223963931070317,0.0062228484711899,0.0014622778441816
3,0.1870374933759154,1.0,0.6414528745894932,0.2365817968821629,0.4376816780828031,0.1683260949337354,0.0269718544263194
4,0.3825931773694824,0.6414528745894932,1.0,0.4728155871746813,0.953582510349677,0.0774530164054951,0.0130074666079586
5,0.7858989168050492,0.2365817968821629,0.4728155871746813,1.0,0.3825931773694824,0.003185634970406,0.0005144641657591
10,0.3223963931070317,0.4376816780828031,0.953582510349677,0.3825931773694824,1.0,0.0416200629283655,0.0123156800428108
20,0.0062228484711899,0.1683260949337354,0.0774530164054951,0.003185634970406,0.0416200629283655,1.0,0.3223963931070317
30,0.0014622778441816,0.0269718544263194,0.0130074666079586,0.0005144641657591,0.0123156800428108,0.3223963931070317,1.0
