Compare,2,3,4,5,10,20,30
2,1.0,0.5219814481957432,0.3129994773224958,0.984519736863829,0.5605090914385145,0.084193950354327,0.1566560683062899
3,0.5219814481957432,1.0,0.7710186241805638,0.5605090914385145,0.8158901548607471,0.0110291666911011,0.0098634771274733
4,0.3129994773224958,0.7710186241805638,1.0,0.449222933228744,0.5094483563706427,0.0052058804351508,0.0152933710301989
5,0.984519736863829,0.5605090914385145,0.449222933228744,1.0,0.6979738522659524,0.268742772421077,0.3721083307918155
10,0.5605090914385145,0.8158901548607471,0.5094483563706427,0.6979738522659524,1.0,0.0179257773574064,0.032817126894834
20,0.084193950354327,0.0110291666911011,0.0052058804351508,0.268742772421077,0.0179257773574064,1.0,0.6836702770203351
30,0.1566560683062899,0.0098634771274733,0.0152933710301989,0.3721083307918155,0.032817126894834,0.6836702770203351,1.0
