Compare,2,3,4,5,10,20,30
2,1.0,0.9227150779556011,0.7269006560784503,0.0681720455766499,0.1206076785909435,0.2365817968821629,0.0110291666911011
3,0.9227150779556011,1.0,0.5605090914385145,0.0397148900226877,0.1253189420819512,0.1870374933759154,0.0088088532389897
4,0.7269006560784503,0.5605090914385145,1.0,0.016130322106759,0.0416200629283655,0.1031354441272063,0.0016707639271962
5,0.0681720455766499,0.0397148900226877,0.016130322106759,1.0,0.5736510006245363,0.1870374933759154,0.6836702770203351
10,0.1206076785909435,0.1253189420819512,0.0416200629283655,0.5736510006245363,1.0,0.5219814481957432,0.2523052121646835
20,0.2365817968821629,0.1870374933759154,0.1031354441272063,0.1870374933759154,0.5219814481957432,1.0,0.0416200629283655
30,0.0110291666911011,0.0088088532389897,0.0016707639271962,0.6836702770203351,0.2523052121646835,0.0416200629283655,1.0
