Compare,2,3,4,5,10,20,30
2,1.0,0.6694793348058024,0.9690453003117911,0.1403156493773578,6.961895897346841e-05,8.860901178054323e-06,1.4949706964024405e-06
3,0.6694793348058024,1.0,0.4263129132398596,0.2604342689317866,0.0001321797482991,3.0245133415115906e-05,5.618306190480146e-06
4,0.9690453003117911,0.4263129132398596,1.0,0.0711584333345031,0.0001221531078416,6.158773238319999e-06,3.2134308831337706e-06
5,0.1403156493773578,0.2604342689317866,0.0711584333345031,1.0,0.0040837137563017,0.0005940765408778,0.0001429782562927
10,6.961895897346841e-05,0.0001321797482991,0.0001221531078416,0.0040837137563017,1.0,0.4728155871746813,0.2947520070546409
20,8.860901178054323e-06,3.0245133415115906e-05,6.158773238319999e-06,0.0005940765408778,0.4728155871746813,1.0,0.9227150779556011
30,1.4949706964024405e-06,5.618306190480146e-06,3.2134308831337706e-06,0.0001429782562927,0.2947520070546409,0.9227150779556011,1.0
