Compare,2,3,4,5,10,20,30
2,1.0,0.0088088532389897,0.0500322861062573,0.0021719718205802,6.158773238319999e-06,6.748788594905479e-06,0.0001221531078416
3,0.0088088532389897,1.0,0.4376816780828031,0.5605090914385145,0.2143168580185959,0.2772314876173122,0.6276258050283593
4,0.0500322861062573,0.4376816780828031,1.0,0.1160361875130034,0.0093228677519123,0.0209469580967318,0.1073025867043365
5,0.0021719718205802,0.5605090914385145,0.1160361875130034,1.0,0.6979738522659524,0.953582510349677,0.497074660807861
10,6.158773238319999e-06,0.2143168580185959,0.0093228677519123,0.6979738522659524,1.0,0.6003641276866312,0.1073025867043365
20,6.748788594905479e-06,0.2772314876173122,0.0209469580967318,0.953582510349677,0.6003641276866312,1.0,0.180636881610063
30,0.0001221531078416,0.6276258050283593,0.1073025867043365,0.497074660807861,0.1073025867043365,0.180636881610063,1.0
