Compare,2,3,4,5,10,20,30
2,1.0,67.0,0.0,0.0,625.0,625.0,0.0
3,67.0,1.0,44.0,3.0,625.0,625.0,625.0
4,0.0,44.0,1.0,61.0,625.0,625.0,625.0
5,0.0,3.0,61.0,1.0,625.0,625.0,625.0
10,625.0,625.0,625.0,625.0,1.0,54.0,8.0
20,625.0,625.0,625.0,625.0,54.0,1.0,160.0
30,0.0,625.0,625.0,625.0,8.0,160.0,1.0
