Compare,2,3,4,5,10,20,30
2,1.0,45.0,2.0,0.0,625.0,625.0,0.0
3,45.0,1.0,35.0,0.0,625.0,625.0,625.0
4,2.0,35.0,1.0,14.0,625.0,625.0,625.0
5,0.0,0.0,14.0,1.0,625.0,625.0,625.0
10,625.0,625.0,625.0,625.0,1.0,0.0,0.0
20,625.0,625.0,625.0,625.0,0.0,1.0,143.0
30,0.0,625.0,625.0,625.0,0.0,143.0,1.0
