Compare,direction,latitude_no_abs,longitude_no_abs,speed
direction,1.0,1.4156562248495535e-09,1.4156562248495535e-09,1.4156562248495535e-09
latitude_no_abs,1.4156562248495535e-09,1.0,0.0005940765408778,4.54136099359965e-07
longitude_no_abs,1.4156562248495535e-09,0.0005940765408778,1.0,1.4156562248495535e-09
speed,1.4156562248495535e-09,4.54136099359965e-07,1.4156562248495535e-09,1.0
