Compare,2,3,4,5,10,20,30
2,1.0,1.4648343392642634e-08,1.4156562248495535e-09,1.4156562248495535e-09,1.4156562248495535e-09,1.4156562248495535e-09,1.4156562248495535e-09
3,1.4648343392642634e-08,1.0,1.512668097157208e-05,7.379607236795789e-09,1.4156562248495535e-09,1.4156562248495535e-09,1.4156562248495535e-09
4,1.4156562248495535e-09,1.512668097157208e-05,1.0,0.0001546036741606,1.5966671856908888e-09,1.4156562248495535e-09,1.4156562248495535e-09
5,1.4156562248495535e-09,7.379607236795789e-09,0.0001546036741606,1.0,1.3078583319970844e-08,1.4156562248495535e-09,1.4156562248495535e-09
10,1.4156562248495535e-09,1.4156562248495535e-09,1.5966671856908888e-09,1.3078583319970844e-08,1.0,1.4156562248495535e-09,1.4156562248495535e-09
20,1.4156562248495535e-09,1.4156562248495535e-09,1.4156562248495535e-09,1.4156562248495535e-09,1.4156562248495535e-09,1.0,3.2134308831337706e-06
30,1.4156562248495535e-09,1.4156562248495535e-09,1.4156562248495535e-09,1.4156562248495535e-09,1.4156562248495535e-09,3.2134308831337706e-06,1.0
