Compare,2,3,4,5,10,20,30
2,1.0,3.704514408827082e-07,2.285738709200976e-09,1.4156562248495535e-09,1.4156562248495535e-09,1.4156562248495535e-09,1.4156562248495535e-09
3,3.704514408827082e-07,1.0,1.8141066484846008e-06,1.3078583319970844e-08,1.4156562248495535e-09,1.4156562248495535e-09,1.4156562248495535e-09
4,2.285738709200976e-09,1.8141066484846008e-06,1.0,0.0152933710301989,2.285738709200976e-09,1.4156562248495535e-09,1.4156562248495535e-09
5,1.4156562248495535e-09,1.3078583319970844e-08,0.0152933710301989,1.0,2.028844528419201e-09,1.4156562248495535e-09,1.4156562248495535e-09
10,1.4156562248495535e-09,1.4156562248495535e-09,2.285738709200976e-09,2.028844528419201e-09,1.0,1.4156562248495535e-09,1.4156562248495535e-09
20,1.4156562248495535e-09,1.4156562248495535e-09,1.4156562248495535e-09,1.4156562248495535e-09,1.4156562248495535e-09,1.0,1.060540885658877e-05
30,1.4156562248495535e-09,1.4156562248495535e-09,1.4156562248495535e-09,1.4156562248495535e-09,1.4156562248495535e-09,1.060540885658877e-05,1.0
