Compare,2,3,4,5,10,20,30
2,1.0,7.67573709030838e-08,1.4156562248495535e-09,1.4156562248495535e-09,1.4156562248495535e-09,1.4156562248495535e-09,1.4156562248495535e-09
3,7.67573709030838e-08,1.0,3.583595520473842e-05,2.721835438261773e-07,1.4156562248495535e-09,1.4156562248495535e-09,1.4156562248495535e-09
4,1.4156562248495535e-09,3.583595520473842e-05,1.0,0.0046139921918485,1.4156562248495535e-09,1.4156562248495535e-09,1.4156562248495535e-09
5,1.4156562248495535e-09,2.721835438261773e-07,0.0046139921918485,1.0,1.0414237514679075e-08,1.4156562248495535e-09,1.4156562248495535e-09
10,1.4156562248495535e-09,1.4156562248495535e-09,1.4156562248495535e-09,1.0414237514679075e-08,1.0,1.5966671856908888e-09,1.4156562248495535e-09
20,1.4156562248495535e-09,1.4156562248495535e-09,1.4156562248495535e-09,1.4156562248495535e-09,1.5966671856908888e-09,1.0,5.559142880976697e-07
30,1.4156562248495535e-09,1.4156562248495535e-09,1.4156562248495535e-09,1.4156562248495535e-09,1.4156562248495535e-09,5.559142880976697e-07,1.0
