Compare,2,3,4,5,10,20,30
2,1.0,1.795360263143029e-07,1.8001611341667335e-09,1.4156562248495535e-09,1.4156562248495535e-09,1.4156562248495535e-09,1.4156562248495535e-09
3,1.795360263143029e-07,1.0,6.415379543852064e-05,2.0536055447128186e-08,1.4156562248495535e-09,1.4156562248495535e-09,1.4156562248495535e-09
4,1.8001611341667335e-09,6.415379543852064e-05,1.0,0.0001950465725243,1.4156562248495535e-09,1.4156562248495535e-09,1.4156562248495535e-09
5,1.4156562248495535e-09,2.0536055447128186e-08,0.0001950465725243,1.0,2.028844528419201e-09,1.4156562248495535e-09,1.4156562248495535e-09
10,1.4156562248495535e-09,1.4156562248495535e-09,1.4156562248495535e-09,2.028844528419201e-09,1.0,1.0414237514679075e-08,1.4156562248495535e-09
20,1.4156562248495535e-09,1.4156562248495535e-09,1.4156562248495535e-09,1.4156562248495535e-09,1.0414237514679075e-08,1.0,2.338770210670084e-05
30,1.4156562248495535e-09,1.4156562248495535e-09,1.4156562248495535e-09,1.4156562248495535e-09,1.4156562248495535e-09,2.338770210670084e-05,1.0
