Compare,2,3,4,5,10,20,30
2,1.0,1.2301875434558652e-06,3.2057370198655616e-08,4.1259395620122645e-09,1.4156562248495535e-09,1.4156562248495535e-09,1.4156562248495535e-09
3,1.2301875434558652e-06,1.0,0.0006850368653792,9.287995833277978e-09,1.4156562248495535e-09,1.4156562248495535e-09,1.4156562248495535e-09
4,3.2057370198655616e-08,0.0006850368653792,1.0,7.392652258635689e-06,1.4156562248495535e-09,1.4156562248495535e-09,1.4156562248495535e-09
5,4.1259395620122645e-09,9.287995833277978e-09,7.392652258635689e-06,1.0,1.8001611341667335e-09,1.4156562248495535e-09,1.4156562248495535e-09
10,1.4156562248495535e-09,1.4156562248495535e-09,1.4156562248495535e-09,1.8001611341667335e-09,1.0,1.4156562248495535e-09,1.4156562248495535e-09
20,1.4156562248495535e-09,1.4156562248495535e-09,1.4156562248495535e-09,1.4156562248495535e-09,1.4156562248495535e-09,1.0,0.0003312782005934
30,1.4156562248495535e-09,1.4156562248495535e-09,1.4156562248495535e-09,1.4156562248495535e-09,1.4156562248495535e-09,0.0003312782005934,1.0
