Compare,2,3,4,5,10,20,30
2,1.0,1.3090449026273858e-07,9.287995833277978e-09,5.8547346138109755e-09,1.4156562248495535e-09,1.4156562248495535e-09,1.4156562248495535e-09
3,1.3090449026273858e-07,1.0,6.961895897346841e-05,3.5302207462237964e-06,1.4156562248495535e-09,1.4156562248495535e-09,1.4156562248495535e-09
4,9.287995833277978e-09,6.961895897346841e-05,1.0,0.0478057953309806,5.212009041434306e-09,1.4156562248495535e-09,1.4156562248495535e-09
5,5.8547346138109755e-09,3.5302207462237964e-06,0.0478057953309806,1.0,4.638138549093065e-09,1.4156562248495535e-09,1.4156562248495535e-09
10,1.4156562248495535e-09,1.4156562248495535e-09,5.212009041434306e-09,4.638138549093065e-09,1.0,1.8001611341667335e-09,1.4156562248495535e-09
20,1.4156562248495535e-09,1.4156562248495535e-09,1.4156562248495535e-09,1.4156562248495535e-09,1.8001611341667335e-09,1.0,2.338770210670084e-05
30,1.4156562248495535e-09,1.4156562248495535e-09,1.4156562248495535e-09,1.4156562248495535e-09,1.4156562248495535e-09,2.338770210670084e-05,1.0
