Compare,2,3,4,5,10,20,30
2,1.0,0.4848629323784371,0.8461535661468554,0.4609348858547981,0.1031354441272063,0.0040837137563017,4.102397977675773e-07
3,0.4848629323784371,1.0,0.0104318433642815,0.0003568117370591,4.255938526376603e-06,3.704514408827082e-07,9.287995833277978e-09
4,0.8461535661468554,0.0104318433642815,1.0,0.0088088532389897,4.4598125107340234e-08,1.4156562248495535e-09,1.4156562248495535e-09
5,0.4609348858547981,0.0003568117370591,0.0088088532389897,1.0,6.184081165152868e-08,1.4156562248495535e-09,1.4156562248495535e-09
10,0.1031354441272063,4.255938526376603e-06,4.4598125107340234e-08,6.184081165152868e-08,1.0,2.028844528419201e-09,1.4156562248495535e-09
20,0.0040837137563017,3.704514408827082e-07,1.4156562248495535e-09,1.4156562248495535e-09,2.028844528419201e-09,1.0,2.1451218700695844e-05
30,4.102397977675773e-07,9.287995833277978e-09,1.4156562248495535e-09,1.4156562248495535e-09,1.4156562248495535e-09,2.1451218700695844e-05,1.0
