Compare,2,3,4,5,10,20,30
2,1.0,0.1936040708942359,0.1936040708942359,0.4609348858547981,0.0152933710301989,3.344001695583958e-07,3.5800004236225926e-08
3,0.1936040708942359,1.0,0.180636881610063,0.0144948923475206,0.0001546036741606,5.212009041434306e-09,1.4156562248495535e-09
4,0.1936040708942359,0.180636881610063,1.0,0.0137334043088942,4.54136099359965e-07,2.5742151889055173e-09,1.4156562248495535e-09
5,0.4609348858547981,0.0144948923475206,0.0137334043088942,1.0,6.795117843100685e-07,2.0536055447128186e-08,2.285738709200976e-09
10,0.0152933710301989,0.0001546036741606,4.54136099359965e-07,6.795117843100685e-07,1.0,1.5966671856908888e-09,1.4156562248495535e-09
20,3.344001695583958e-07,5.212009041434306e-09,2.5742151889055173e-09,2.0536055447128186e-08,1.5966671856908888e-09,1.0,1.3563785831110445e-06
30,3.5800004236225926e-08,1.4156562248495535e-09,1.4156562248495535e-09,2.285738709200976e-09,1.4156562248495535e-09,1.3563785831110445e-06,1.0
