Compare,2,3,4,5,10,20,30
2,1.0,0.0807663909568753,5.909644085596015e-05,6.147258544333025e-07,2.028844528419201e-09,1.4156562248495535e-09,1.4156562248495535e-09
3,0.0807663909568753,1.0,0.0002273223850748,5.559142880976697e-07,1.8001611341667335e-09,1.4156562248495535e-09,1.4156562248495535e-09
4,5.909644085596015e-05,0.0002273223850748,1.0,0.0026345660958435,6.5743058106010505e-09,1.4156562248495535e-09,1.4156562248495535e-09
5,6.147258544333025e-07,5.559142880976697e-07,0.0026345660958435,1.0,4.54136099359965e-07,1.8001611341667335e-09,1.4156562248495535e-09
10,2.028844528419201e-09,1.8001611341667335e-09,6.5743058106010505e-09,4.54136099359965e-07,1.0,1.4156562248495535e-09,1.4156562248495535e-09
20,1.4156562248495535e-09,1.4156562248495535e-09,1.4156562248495535e-09,1.8001611341667335e-09,1.4156562248495535e-09,1.0,0.0002645614741182
30,1.4156562248495535e-09,1.4156562248495535e-09,1.4156562248495535e-09,1.4156562248495535e-09,1.4156562248495535e-09,0.0002645614741182,1.0
