Compare,GRU_Att_1,GRU_Att_2,GRU_Att_3,GRU_Att_4,GRU_Linear,GRU_Reference,GRU_Third,GRU_Twice,LSTM_Linear,LSTM_Reference,LSTM_Third,LSTM_Twice,RNN_Linear,RNN_Reference,RNN_Third,RNN_Twice,UniTS,actual
GRU_Att_1,1.0,1158536091585.0,1163101992612.0,1159708935277.5,1097583040679.0,2285975575497.5,2285975563565.0,2285975567542.5,1094904126875.5,2285975586634.5,2285975559587.5,2285975563565.0,1094722516723.5,2285975563565.0,2285975802357.5,2285975566747.0,1131616395399.0,1133302782162.5
GRU_Att_2,1158536091585.0,1.0,1159521377144.0,1156541496098.0,1093433055125.5,2286924780070.0,2286924759580.0,2286924766410.0,1090763501894.5,2286924799194.0,2286924752750.0,2286924759580.0,1090652750148.5,2286924759580.0,2286924989005.0,2286924765044.0,1128046947443.0,1129864633715.0
GRU_Att_3,1163101992612.0,1159521377144.0,1.0,1152054047949.0,1088595852677.0,2287395189487.5,2287395174525.0,2287395179512.5,1085922709496.5,2287395203452.5,2287395169537.5,2287395174525.0,1085671371456.0,2287395174525.0,2287395399307.5,2287395178515.0,1123295024697.0,1125173466605.0
GRU_Att_4,1159708935277.5,1156541496098.0,1152054047949.0,1.0,1092659080668.0,2286176203517.5,2286176193145.0,2286176196602.5,1090129961339.0,2286176213198.5,2286176189687.5,2286176193145.0,1089778890710.5,2286176193145.0,2286176429957.5,2286176195911.0,1127457394502.0,1129168716397.5
GRU_Linear,1097583040679.0,1093433055125.5,1088595852677.0,1092659080668.0,1.0,2301897537146.5,2301897533931.0,2301897536119.5,1151521759713.5,2301897534545.5,2301897533925.0,2301897533937.5,1152387929822.5,2301897533927.5,2301897616480.0,2301897533937.0,1181795839871.0,1188630216695.0
GRU_Reference,2285975575497.5,2286924780070.0,2287395189487.5,2286176203517.5,2301897537146.5,1.0,1155074603325.0,1155078403193.5,8117915684.5,1155096642049.0,1155070803562.5,1155074603342.5,384540862.0,1155074603325.0,1155086002978.5,1155077643142.5,26250605861.0,30725195075.0
GRU_Third,2285975563565.0,2286924759580.0,2287395174525.0,2286176193145.0,2301897533931.0,1155074603325.0,1.0,1155089802650.0,8117919416.5,1155108041733.5,1155082203000.0,1155086002825.0,384541025.0,1155086002800.0,1155097402300.0,1155089042665.0,26250624675.0,30725261675.0
GRU_Twice,2285975567542.5,2286924766410.0,2287395179512.5,2286176196602.5,2301897536119.5,1155078403193.5,1155089802650.0,1.0,8117917002.0,1155104241760.5,1155078403187.5,1155082202975.0,384540914.0,1155082202975.0,1155093602513.5,1155085242805.0,26250611122.0,30725239475.0
LSTM_Linear,1094904126875.5,1090763501894.5,1085922709496.5,1090129961339.0,1151521759713.5,8117915684.5,8117919416.5,8117917002.0,1.0,2302054086841.5,2302054086200.0,2302054086216.0,1155727277740.5,2302054086202.5,2302054167326.5,2302054086216.5,1184944038836.0,1191462340752.5
LSTM_Reference,2285975586634.5,2286924799194.0,2287395203452.5,2286176213198.5,2301897534545.5,1155096642049.0,1155108041733.5,1155104241760.5,2302054086841.5,1.0,1155060164087.5,1155063963917.5,384540999.0,1155063963847.5,1155075363669.5,1155067003715.5,26250616991.0,30725132915.0
LSTM_Third,2285975559587.5,2286924752750.0,2287395169537.5,2286176189687.5,2301897533925.0,1155070803562.5,1155082203000.0,1155078403187.5,2302054086200.0,1155060164087.5,1.0,1155089802625.0,384541025.0,1155089802625.0,1155101202062.5,1155092842475.0,26250624675.0,30725283875.0
LSTM_Twice,2285975563565.0,2286924759580.0,2287395174525.0,2286176193145.0,2301897533937.5,1155074603342.5,1155086002825.0,1155082202975.0,2302054086216.0,1155063963917.5,1155089802625.0,1.0,384541025.0,1155086002800.0,1155097402300.0,1155089042641.0,26250624517.0,30725261675.0
RNN_Linear,1094722516723.5,1090652750148.5,1085671371456.0,1089778890710.5,1152387929822.5,384540862.0,384541025.0,384540914.0,1155727277740.5,384540999.0,384541025.0,384541025.0,1.0,2309787464600.0,2309787468446.0,2309787464600.0,1184752501885.0,1191511274457.5
RNN_Reference,2285975563565.0,2286924759580.0,2287395174525.0,2286176193145.0,2301897533927.5,1155074603325.0,1155086002800.0,1155082202975.0,2302054086202.5,1155063963847.5,1155089802625.0,1155086002800.0,2309787464600.0,1.0,1155097402300.0,1155089042675.0,26250624675.0,30725261675.0
RNN_Third,2285975802357.5,2286924989005.0,2287395399307.5,2286176429957.5,2301897616480.0,1155086002978.5,1155097402300.0,1155093602513.5,2302054167326.5,1155075363669.5,1155101202062.5,1155097402300.0,2309787468446.0,1155097402300.0,1.0,1155077643135.0,26250356744.0,30724958450.0
RNN_Twice,2285975566747.0,2286924765044.0,2287395178515.0,2286176195911.0,2301897533937.0,1155077643142.5,1155089042665.0,1155085242805.0,2302054086216.5,1155067003715.5,1155092842475.0,1155089042641.0,2309787464600.0,1155089042675.0,1155077643135.0,1.0,26250624655.0,30725243915.0
UniTS,1131616395399.0,1128046947443.0,1123295024697.0,1127457394502.0,1181795839871.0,26250605861.0,26250624675.0,26250611122.0,1184944038836.0,26250616991.0,26250624675.0,26250624517.0,1184752501885.0,26250624675.0,26250356744.0,26250624655.0,1.0,1156581027725.0
actual,1133302782162.5,1129864633715.0,1125173466605.0,1129168716397.5,1188630216695.0,30725195075.0,30725261675.0,30725239475.0,1191462340752.5,30725132915.0,30725283875.0,30725261675.0,1191511274457.5,30725261675.0,30724958450.0,30725243915.0,1156581027725.0,1.0
