Compare,2,3,4,5,10,20,30
2,1.0,1.132488250732422e-06,1.788139343261719e-07,5.960464477539064e-08,5.960464477539064e-08,5.960464477539064e-08,5.960464477539064e-08
3,1.132488250732422e-06,1.0,1.132488250732422e-06,2.980232238769531e-07,5.960464477539064e-08,5.960464477539064e-08,5.960464477539064e-08
4,1.788139343261719e-07,1.132488250732422e-06,1.0,0.0041751861572265,5.960464477539064e-08,5.960464477539064e-08,5.960464477539064e-08
5,5.960464477539064e-08,2.980232238769531e-07,0.0041751861572265,1.0,1.1920928955078125e-07,5.960464477539064e-08,5.960464477539064e-08
10,5.960464477539064e-08,5.960464477539064e-08,5.960464477539064e-08,1.1920928955078125e-07,1.0,5.960464477539064e-08,5.960464477539064e-08
20,5.960464477539064e-08,5.960464477539064e-08,5.960464477539064e-08,5.960464477539064e-08,5.960464477539064e-08,1.0,5.960464477539064e-08
30,5.960464477539064e-08,5.960464477539064e-08,5.960464477539064e-08,5.960464477539064e-08,5.960464477539064e-08,5.960464477539064e-08,1.0
