Compare,2,3,4,5,10,20,30
2,1.0,5.960464477539064e-08,5.960464477539064e-08,5.960464477539064e-08,0.0173123478889465,5.960464477539064e-08,5.960464477539064e-08
3,5.960464477539064e-08,1.0,5.960464477539064e-08,5.960464477539064e-08,0.3957113623619079,5.960464477539064e-08,5.960464477539064e-08
4,5.960464477539064e-08,5.960464477539064e-08,1.0,0.0073709487915039,0.0515762567520141,5.960464477539064e-08,5.960464477539064e-08
5,5.960464477539064e-08,5.960464477539064e-08,0.0073709487915039,1.0,8.165836334228516e-06,5.960464477539064e-08,5.960464477539064e-08
10,0.0173123478889465,0.3957113623619079,0.0515762567520141,8.165836334228516e-06,1.0,5.960464477539064e-08,5.960464477539064e-08
20,5.960464477539064e-08,5.960464477539064e-08,5.960464477539064e-08,5.960464477539064e-08,5.960464477539064e-08,1.0,5.960464477539064e-08
30,5.960464477539064e-08,5.960464477539064e-08,5.960464477539064e-08,5.960464477539064e-08,5.960464477539064e-08,5.960464477539064e-08,1.0
