Compare,2,3,4,5,10,20,30
2,1.0,0.2275175284592995,0.0902270250545489,0.0902270250545489,0.0076184932815535,0.0076184932815535,0.0076184932815535
3,0.2275175284592995,1.0,0.2271916231220464,0.0901569735434368,0.0076053197362464,0.0076053197362464,0.0076053197362464
4,0.0902270250545489,0.2271916231220464,1.0,0.2269666553305401,0.0899234544590589,0.0075760875546106,0.0075760875546106
5,0.0902270250545489,0.0901569735434368,0.2269666553305401,1.0,0.0899234544590589,0.0075760875546106,0.0075760875546106
10,0.0076184932815535,0.0076053197362464,0.0899234544590589,0.0899234544590589,1.0,0.0075614933850928,0.0075614933850928
20,0.0076184932815535,0.0076053197362464,0.0075760875546106,0.0075760875546106,0.0075614933850928,1.0,0.0898456100434353
30,0.0076184932815535,0.0076053197362464,0.0075760875546106,0.0075760875546106,0.0075614933850928,0.0898456100434353,1.0
