Compare,2,3,4,5,10,20,30
2,1.0,1.6400502409539076e-08,1.4156562248495535e-09,1.4156562248495535e-09,1.4156562248495535e-09,1.4156562248495535e-09,1.4156562248495535e-09
3,1.6400502409539076e-08,1.0,1.512668097157208e-05,1.8355518172726172e-08,1.4156562248495535e-09,1.4156562248495535e-09,1.4156562248495535e-09
4,1.4156562248495535e-09,1.512668097157208e-05,1.0,0.0005940765408778,1.4156562248495535e-09,1.4156562248495535e-09,1.4156562248495535e-09
5,1.4156562248495535e-09,1.8355518172726172e-08,0.0005940765408778,1.0,1.6400502409539076e-08,1.4156562248495535e-09,1.4156562248495535e-09
10,1.4156562248495535e-09,1.4156562248495535e-09,1.4156562248495535e-09,1.6400502409539076e-08,1.0,4.255938526376603e-06,1.1672763878400071e-08
20,1.4156562248495535e-09,1.4156562248495535e-09,1.4156562248495535e-09,1.4156562248495535e-09,4.255938526376603e-06,1.0,0.0002273223850748
30,1.4156562248495535e-09,1.4156562248495535e-09,1.4156562248495535e-09,1.4156562248495535e-09,1.1672763878400071e-08,0.0002273223850748,1.0
