Compare,2,3,4,5,10,20,30
2,1.0,1.4648343392642634e-08,1.8001611341667335e-09,1.4156562248495535e-09,1.4156562248495535e-09,1.4156562248495535e-09,1.4156562248495535e-09
3,1.4648343392642634e-08,1.0,0.0003074624328962,2.721835438261773e-07,1.4156562248495535e-09,1.4156562248495535e-09,1.4156562248495535e-09
4,1.8001611341667335e-09,0.0003074624328962,1.0,0.0055268356413798,2.5742151889055173e-09,1.4156562248495535e-09,1.4156562248495535e-09
5,1.4156562248495535e-09,2.721835438261773e-07,0.0055268356413798,1.0,1.010830768711528e-06,1.4156562248495535e-09,1.4156562248495535e-09
10,1.4156562248495535e-09,1.4156562248495535e-09,2.5742151889055173e-09,1.010830768711528e-06,1.0,8.546816670695518e-08,1.4156562248495535e-09
20,1.4156562248495535e-09,1.4156562248495535e-09,1.4156562248495535e-09,1.4156562248495535e-09,8.546816670695518e-08,1.0,0.0010414549834444
30,1.4156562248495535e-09,1.4156562248495535e-09,1.4156562248495535e-09,1.4156562248495535e-09,1.4156562248495535e-09,0.0010414549834444,1.0
