Compare,2,3,4,5,10,20,30
2,1.0,9.287995833277978e-09,1.4156562248495535e-09,1.4156562248495535e-09,1.4156562248495535e-09,1.4156562248495535e-09,1.4156562248495535e-09
3,9.287995833277978e-09,1.0,9.695744074293171e-06,7.379607236795789e-09,1.4156562248495535e-09,1.4156562248495535e-09,1.4156562248495535e-09
4,1.4156562248495535e-09,9.695744074293171e-06,1.0,0.0024712096625269,2.5742151889055173e-09,1.4156562248495535e-09,1.4156562248495535e-09
5,1.4156562248495535e-09,7.379607236795789e-09,0.0024712096625269,1.0,1.4549413017061966e-07,1.4156562248495535e-09,1.4156562248495535e-09
10,1.4156562248495535e-09,1.4156562248495535e-09,2.5742151889055173e-09,1.4549413017061966e-07,1.0,0.0003312782005934,1.4648343392642634e-08
20,1.4156562248495535e-09,1.4156562248495535e-09,1.4156562248495535e-09,1.4156562248495535e-09,0.0003312782005934,1.0,0.0003312782005934
30,1.4156562248495535e-09,1.4156562248495535e-09,1.4156562248495535e-09,1.4156562248495535e-09,1.4648343392642634e-08,0.0003312782005934,1.0
