Compare,2,3,4,5,10,20,30
2,1.0,0.2283699547179548,0.0907873644421199,0.0906550739889627,0.0076713057056309,0.0076713057056309,0.0076713057056309
3,0.2283699547179548,1.0,0.2280449718360823,0.0906161636092929,0.007663959338265,0.007663959338265,0.007663959338265
4,0.0907873644421199,0.2280449718360823,1.0,0.2275849131484528,0.0902036747696517,0.0076287475497213,0.0076287475497213
5,0.0906550739889627,0.0906161636092929,0.2275849131484528,1.0,0.0900713523710829,0.0076038567392462,0.0076038567392462
10,0.0076713057056309,0.007663959338265,0.0902036747696517,0.0900713523710829,1.0,0.0075614933850928,0.0075614933850928
20,0.0076713057056309,0.007663959338265,0.0076287475497213,0.0076038567392462,0.0075614933850928,1.0,0.0898456100434353
30,0.0076713057056309,0.007663959338265,0.0076287475497213,0.0076038567392462,0.0075614933850928,0.0898456100434353,1.0
