Compare,2,3,4,5,10,20,30
2,1.0,0.3114376435282328,0.1338750947854259,0.1337246873384638,0.0101311378534513,0.0076141007854223,0.0076141007854223
3,0.3114376435282328,1.0,0.2273714765565826,0.0901569735434368,0.0076053197362464,0.0076053197362464,0.0076053197362464
4,0.1338750947854259,0.2273714765565826,1.0,0.2271466429893907,0.0900480006386915,0.0075994686246753,0.0075994686246753
5,0.1337246873384638,0.0901569735434368,0.2271466429893907,1.0,0.0899234544590589,0.0075760875546106,0.0075760875546106
10,0.0101311378534513,0.0076053197362464,0.0900480006386915,0.0899234544590589,1.0,0.0075614933850928,0.0075614933850928
20,0.0076141007854223,0.0076053197362464,0.0075994686246753,0.0075760875546106,0.0075614933850928,1.0,0.0898456100434353
30,0.0076141007854223,0.0076053197362464,0.0075994686246753,0.0075760875546106,0.0075614933850928,0.0898456100434353,1.0
