Compare,2,3,4,5,10,20,30
2,1.0,0.22815707460153,0.0907095474373935,0.0906317278382797,0.0076507450675031,0.0076507450675031,0.0076507450675031
3,0.22815707460153,1.0,0.2280337592600326,0.0906628559876795,0.0076566166177632,0.0076566166177632,0.0076566166177632
4,0.0907095474373935,0.2280337592600326,1.0,0.2277533089133898,0.0902348084340582,0.0076346103433787,0.0076346103433787
5,0.0906317278382797,0.0906628559876795,0.2277533089133898,1.0,0.0901569735434368,0.0076199577389797,0.0076199577389797
10,0.0076507450675031,0.0076566166177632,0.0902348084340582,0.0901569735434368,1.0,0.0075614933850928,0.0075614933850928
20,0.0076507450675031,0.0076566166177632,0.0076346103433787,0.0076199577389797,0.0075614933850928,1.0,0.0898456100434353
30,0.0076507450675031,0.0076566166177632,0.0076346103433787,0.0076199577389797,0.0075614933850928,0.0898456100434353,1.0
