Compare,2,3,4,5,10,20,30
2,1.0,0.2273040440968033,0.0902036747696517,0.0900791362340878,0.0076053197362464,0.0076053197362464,0.0076053197362464
3,0.2273040440968033,1.0,0.2271466429893907,0.090001296530961,0.0075906963398904,0.0075906963398904,0.0075906963398904
4,0.0902036747696517,0.2271466429893907,1.0,0.2269216416284178,0.0899701599850514,0.0075848510721867,0.0075848510721867
5,0.0900791362340878,0.090001296530961,0.2269216416284178,1.0,0.0898456100434353,0.0075614933850928,0.0075614933850928
10,0.0076053197362464,0.0075906963398904,0.0899701599850514,0.0898456100434353,1.0,0.0075614933850928,0.0075614933850928
20,0.0076053197362464,0.0075906963398904,0.0075848510721867,0.0075614933850928,0.0075614933850928,1.0,0.0898456100434353
30,0.0076053197362464,0.0075906963398904,0.0075848510721867,0.0075614933850928,0.0075614933850928,0.0898456100434353,1.0
