Compare,2,3,4,5,10,20,30
2,1.0,0.2281234481613883,0.0904916461005227,0.0904449503625228,0.0076595532683022,0.0076595532683022,0.0076595532683022
3,0.2281234481613883,1.0,0.2275512226888419,0.0903593391659726,0.007643408912853,0.007643408912853,0.007643408912853
4,0.0904916461005227,0.2275512226888419,1.0,0.227034163291494,0.0899701599850514,0.0075848510721867,0.0075848510721867
5,0.0904449503625228,0.0903593391659726,0.227034163291494,1.0,0.0899234544590589,0.0075760875546106,0.0075760875546106
10,0.0076595532683022,0.007643408912853,0.0899701599850514,0.0899234544590589,1.0,0.0075614933850928,0.0075614933850928
20,0.0076595532683022,0.007643408912853,0.0075848510721867,0.0075760875546106,0.0075614933850928,1.0,0.0898456100434353
30,0.0076595532683022,0.007643408912853,0.0075848510721867,0.0075760875546106,0.0075614933850928,0.0898456100434353,1.0
