Compare,2,3,4,5,10,20,30
2,1.0,0.2272141106718024,0.0900480006386915,0.0900480006386915,0.0075848510721867,0.0075848510721867,0.0075848510721867
3,0.2272141106718024,1.0,0.2271466429893907,0.0901258389085484,0.0075994686246753,0.0075994686246753,0.0075994686246753
4,0.0900480006386915,0.2271466429893907,1.0,0.2269666553305401,0.0899234544590589,0.0075760875546106,0.0075760875546106
5,0.0900480006386915,0.0901258389085484,0.2269666553305401,1.0,0.0899234544590589,0.0075760875546106,0.0075760875546106
10,0.0075848510721867,0.0075994686246753,0.0899234544590589,0.0899234544590589,1.0,0.0075614933850928,0.0075614933850928
20,0.0075848510721867,0.0075994686246753,0.0075760875546106,0.0075760875546106,0.0075614933850928,1.0,0.0898456100434353
30,0.0075848510721867,0.0075994686246753,0.0075760875546106,0.0075760875546106,0.0075614933850928,0.0898456100434353,1.0
