Compare,2,3,4,5,10,20,30
2,1.0,0.2270791602055374,0.0899234544590589,0.0900713523710829,0.0075760875546106,0.0075760875546106,0.0075760875546106
3,0.2270791602055374,1.0,0.2269666553305401,0.0901491899209333,0.0075906963398904,0.0075906963398904,0.0075906963398904
4,0.0899234544590589,0.2269666553305401,1.0,0.2269554025346793,0.0898456100434353,0.0075614933850928,0.0075614933850928
5,0.0900713523710829,0.0901491899209333,0.2269554025346793,1.0,0.0899935124299527,0.0075892348037866,0.0075892348037866
10,0.0075760875546106,0.0075906963398904,0.0898456100434353,0.0899935124299527,1.0,0.0075614933850928,0.0075614933850928
20,0.0075760875546106,0.0075906963398904,0.0075614933850928,0.0075892348037866,0.0075614933850928,1.0,0.0898456100434353
30,0.0075760875546106,0.0075906963398904,0.0075614933850928,0.0075892348037866,0.0075614933850928,0.0898456100434353,1.0
