Compare,2,3,4,5,10,20,30
2,1.0,0.0013672819301753,1.6400502409539076e-08,1.4156562248495535e-09,1.4156562248495535e-09,1.4156562248495535e-09,1.4156562248495535e-09
3,0.0013672819301753,1.0,1.9972906531952006e-06,2.285738709200976e-09,1.4156562248495535e-09,1.4156562248495535e-09,1.4156562248495535e-09
4,1.6400502409539076e-08,1.9972906531952006e-06,1.0,8.189747564868397e-05,1.4156562248495535e-09,1.4156562248495535e-09,1.4156562248495535e-09
5,1.4156562248495535e-09,2.285738709200976e-09,8.189747564868397e-05,1.0,3.2613906321195843e-09,1.4156562248495535e-09,1.4156562248495535e-09
10,1.4156562248495535e-09,1.4156562248495535e-09,1.4156562248495535e-09,3.2613906321195843e-09,1.0,1.4156562248495535e-09,1.4156562248495535e-09
20,1.4156562248495535e-09,1.4156562248495535e-09,1.4156562248495535e-09,1.4156562248495535e-09,1.4156562248495535e-09,1.0,8.280513635549483e-09
30,1.4156562248495535e-09,1.4156562248495535e-09,1.4156562248495535e-09,1.4156562248495535e-09,1.4156562248495535e-09,8.280513635549483e-09,1.0
