Compare,2,3,4,5,10,20,30
2,1.0,0.4714177732703479,0.2272928038862295,0.2272928038862295,0.4710961173243023,0.0901491899209333,0.0901491899209333
3,0.4714177732703479,1.0,0.2271916231220464,0.2271916231220464,0.8151477012043434,0.0900791362340878,0.0900791362340878
4,0.2272928038862295,0.2271916231220464,1.0,0.4708921021576077,0.4707846322083349,0.0899234544590589,0.0899234544590589
5,0.2272928038862295,0.2271916231220464,0.4708921021576077,1.0,0.4707846322083349,0.0899234544590589,0.0899234544590589
10,0.4710961173243023,0.8151477012043434,0.4707846322083349,0.4707846322083349,1.0,0.0898456100434353,0.0898456100434353
20,0.0901491899209333,0.0900791362340878,0.0899234544590589,0.0899234544590589,0.0898456100434353,1.0,0.0898456100434353
30,0.0901491899209333,0.0900791362340878,0.0899234544590589,0.0899234544590589,0.0898456100434353,0.0898456100434353,1.0
