Compare,2,3,4,5,10,20,30
2,1.0,0.0002106045416463,1.1672763878400071e-08,2.8980347343027904e-09,1.4156562248495535e-09,1.4156562248495535e-09,1.4156562248495535e-09
3,0.0002106045416463,1.0,2.92400809476093e-06,1.795360263143029e-07,1.4156562248495535e-09,1.4156562248495535e-09,1.4156562248495535e-09
4,1.1672763878400071e-08,2.92400809476093e-06,1.0,0.1456100953968669,4.638138549093065e-09,1.4156562248495535e-09,1.4156562248495535e-09
5,2.8980347343027904e-09,1.795360263143029e-07,0.1456100953968669,1.0,3.9964952879985783e-08,1.4156562248495535e-09,1.4156562248495535e-09
10,1.4156562248495535e-09,1.4156562248495535e-09,4.638138549093065e-09,3.9964952879985783e-08,1.0,1.4156562248495535e-09,1.4156562248495535e-09
20,1.4156562248495535e-09,1.4156562248495535e-09,1.4156562248495535e-09,1.4156562248495535e-09,1.4156562248495535e-09,1.0,1.4156562248495535e-09
30,1.4156562248495535e-09,1.4156562248495535e-09,1.4156562248495535e-09,1.4156562248495535e-09,1.4156562248495535e-09,1.4156562248495535e-09,1.0
