Compare,2,3,4,5,10,20,30
2,1.0,0.4717709272740102,0.2274613630312063,0.2274388939269782,0.4711712221679731,0.0902036747696517,0.0902036747696517
3,0.4717709272740102,1.0,0.2275736834141025,0.2275512226888419,0.8152618348677527,0.090281508197082,0.090281508197082
4,0.2274613630312063,0.2275736834141025,1.0,0.4710424516847916,0.4708706133324514,0.0899857283052817,0.0899857283052817
5,0.2274388939269782,0.2275512226888419,0.4710424516847916,1.0,0.4708491219254539,0.0899701599850514,0.0899701599850514
10,0.4711712221679731,0.8152618348677527,0.4708706133324514,0.4708491219254539,1.0,0.0898456100434353,0.0898456100434353
20,0.0902036747696517,0.090281508197082,0.0899857283052817,0.0899701599850514,0.0898456100434353,1.0,0.0898456100434353
30,0.0902036747696517,0.090281508197082,0.0899857283052817,0.0899701599850514,0.0898456100434353,0.0898456100434353,1.0
