Compare,2,3,4,5,10,20,30
2,1.0,5.441822612402296e-05,5.212009041434306e-09,1.4156562248495535e-09,1.4156562248495535e-09,1.4156562248495535e-09,1.4156562248495535e-09
3,5.441822612402296e-05,1.0,8.877863272704755e-05,2.0536055447128186e-08,1.4156562248495535e-09,1.4156562248495535e-09,1.4156562248495535e-09
4,5.212009041434306e-09,8.877863272704755e-05,1.0,0.0088088532389897,1.4156562248495535e-09,1.4156562248495535e-09,1.4156562248495535e-09
5,1.4156562248495535e-09,2.0536055447128186e-08,0.0088088532389897,1.0,2.5742151889055173e-09,1.4156562248495535e-09,1.4156562248495535e-09
10,1.4156562248495535e-09,1.4156562248495535e-09,1.4156562248495535e-09,2.5742151889055173e-09,1.0,1.4156562248495535e-09,1.4156562248495535e-09
20,1.4156562248495535e-09,1.4156562248495535e-09,1.4156562248495535e-09,1.4156562248495535e-09,1.4156562248495535e-09,1.0,6.5743058106010505e-09
30,1.4156562248495535e-09,1.4156562248495535e-09,1.4156562248495535e-09,1.4156562248495535e-09,1.4156562248495535e-09,6.5743058106010505e-09,1.0
