Compare,2,3,4,5,10,20,30
2,1.0,8.877863272704755e-05,1.3078583319970844e-08,4.1259395620122645e-09,1.4156562248495535e-09,1.4156562248495535e-09,1.4156562248495535e-09
3,8.877863272704755e-05,1.0,0.0015633235674326,1.3849204404429867e-05,1.8001611341667335e-09,1.4156562248495535e-09,1.4156562248495535e-09
4,1.3078583319970844e-08,0.0015633235674326,1.0,0.032817126894834,3.6689565644207027e-09,1.4156562248495535e-09,1.4156562248495535e-09
5,4.1259395620122645e-09,1.3849204404429867e-05,0.032817126894834,1.0,5.5477197166911496e-08,1.4156562248495535e-09,1.4156562248495535e-09
10,1.4156562248495535e-09,1.8001611341667335e-09,3.6689565644207027e-09,5.5477197166911496e-08,1.0,1.4156562248495535e-09,1.4156562248495535e-09
20,1.4156562248495535e-09,1.4156562248495535e-09,1.4156562248495535e-09,1.4156562248495535e-09,1.4156562248495535e-09,1.0,5.212009041434306e-09
30,1.4156562248495535e-09,1.4156562248495535e-09,1.4156562248495535e-09,1.4156562248495535e-09,1.4156562248495535e-09,5.212009041434306e-09,1.0
