Compare,2,3,4,5,10,20,30
2,1.0,0.0002106045416463,4.4598125107340234e-08,2.8980347343027904e-09,1.4156562248495535e-09,1.4156562248495535e-09,1.4156562248495535e-09
3,0.0002106045416463,1.0,0.0004448888404089,3.9964952879985783e-08,1.4156562248495535e-09,1.4156562248495535e-09,1.4156562248495535e-09
4,4.4598125107340234e-08,0.0004448888404089,1.0,0.0003568117370591,2.567677870515197e-08,2.567677870515197e-08,2.567677870515197e-08
5,2.8980347343027904e-09,3.9964952879985783e-08,0.0003568117370591,1.0,2.8980347343027904e-09,1.4156562248495535e-09,1.4156562248495535e-09
10,1.4156562248495535e-09,1.4156562248495535e-09,2.567677870515197e-08,2.8980347343027904e-09,1.0,1.4156562248495535e-09,1.4156562248495535e-09
20,1.4156562248495535e-09,1.4156562248495535e-09,2.567677870515197e-08,1.4156562248495535e-09,1.4156562248495535e-09,1.0,1.4549413017061966e-07
30,1.4156562248495535e-09,1.4156562248495535e-09,2.567677870515197e-08,1.4156562248495535e-09,1.4156562248495535e-09,1.4549413017061966e-07,1.0
