Compare,2,3,4,5,10,20,30
2,1.0,0.471214125059015,0.2272590807388395,0.2270791602055374,0.4709995075735422,0.0900791362340878,0.0900791362340878
3,0.471214125059015,1.0,0.2271466429893907,0.2269666553305401,0.8151037472879997,0.090001296530961,0.090001296530961
4,0.2272590807388395,0.2271466429893907,1.0,0.4708491219254539,0.4708491219254539,0.0899701599850514,0.0899701599850514
5,0.2270791602055374,0.2269666553305401,0.4708491219254539,1.0,0.4706770976622124,0.0898456100434353,0.0898456100434353
10,0.4709995075735422,0.8151037472879997,0.4708491219254539,0.4706770976622124,1.0,0.0898456100434353,0.0898456100434353
20,0.0900791362340878,0.090001296530961,0.0899701599850514,0.0898456100434353,0.0898456100434353,1.0,0.0898456100434353
30,0.0900791362340878,0.090001296530961,0.0899701599850514,0.0898456100434353,0.0898456100434353,0.0898456100434353,1.0
