Compare,2,3,4,5,10,20,30
2,1.0,0.5340421654903563,0.267833234990278,0.2677178847642946,0.533400691771081,0.0903982537207085,0.0903982537207085
3,0.5340421654903563,1.0,0.2280337592600326,0.2279216104980144,0.8153012934527599,0.0903515561804255,0.0903515561804255
4,0.267833234990278,0.2280337592600326,1.0,0.4716425884149405,0.471214125059015,0.0902348084340582,0.0902348084340582
5,0.2677178847642946,0.2279216104980144,0.4716425884149405,1.0,0.4711068485195644,0.0901569735434368,0.0901569735434368
10,0.533400691771081,0.8153012934527599,0.471214125059015,0.4711068485195644,1.0,0.0898456100434353,0.0898456100434353
20,0.0903982537207085,0.0903515561804255,0.0902348084340582,0.0901569735434368,0.0898456100434353,1.0,0.0898456100434353
30,0.0903982537207085,0.0903515561804255,0.0902348084340582,0.0901569735434368,0.0898456100434353,0.0898456100434353,1.0
