Compare,2,3,4,5,10,20,30
2,1.0,0.4713856337143212,0.2274388939269782,0.2272590807388395,0.4710639198734893,0.0901258389085484,0.0901258389085484
3,0.4713856337143212,1.0,0.2273714765565826,0.2271916231220464,0.8151477012043434,0.0900791362340878,0.0900791362340878
4,0.2274388939269782,0.2273714765565826,1.0,0.4710639198734893,0.4709565531471079,0.0900480006386915,0.0900480006386915
5,0.2272590807388395,0.2271916231220464,0.4710639198734893,1.0,0.4707846322083349,0.0899234544590589,0.0899234544590589
10,0.4710639198734893,0.8151477012043434,0.4709565531471079,0.4707846322083349,1.0,0.0898456100434353,0.0898456100434353
20,0.0901258389085484,0.0900791362340878,0.0900480006386915,0.0899234544590589,0.0898456100434353,1.0,0.0898456100434353
30,0.0901258389085484,0.0900791362340878,0.0900480006386915,0.0899234544590589,0.0898456100434353,0.0898456100434353,1.0
