Compare,2,3,4,5,10,20,30
2,1.0,0.4142539782558526,0.2276747359467503,0.2276073713606773,0.4713963475420022,0.0903671221266861,0.0903671221266861
3,0.4142539782558526,1.0,0.2275512226888419,0.2274838304593727,0.8152618348677527,0.090281508197082,0.090281508197082
4,0.2276747359467503,0.2275512226888419,1.0,0.4709565531471079,0.4708491219254539,0.0899701599850514,0.0899701599850514
5,0.2276073713606773,0.2274838304593727,0.4709565531471079,1.0,0.4707846322083349,0.0899234544590589,0.0899234544590589
10,0.4713963475420022,0.8152618348677527,0.4708491219254539,0.4707846322083349,1.0,0.0898456100434353,0.0898456100434353
20,0.0903671221266861,0.090281508197082,0.0899701599850514,0.0899234544590589,0.0898456100434353,1.0,0.0898456100434353
30,0.0903671221266861,0.090281508197082,0.0899701599850514,0.0899234544590589,0.0898456100434353,0.0898456100434353,1.0
