Compare,2,3,4,5,10,20,30
2,1.0,0.4709995075735422,0.2268541084803297,0.2270679116064455,0.4707846322083349,0.0899234544590589,0.0899234544590589
3,0.4709995075735422,1.0,0.2269666553305401,0.2271803787180507,0.8151037472879997,0.090001296530961,0.090001296530961
4,0.2268541084803297,0.2269666553305401,1.0,0.470881358067728,0.4706770976622124,0.0898456100434353,0.0898456100434353
5,0.2270679116064455,0.2271803787180507,0.470881358067728,1.0,0.470881358067728,0.0899935124299527,0.0899935124299527
10,0.4707846322083349,0.8151037472879997,0.4706770976622124,0.470881358067728,1.0,0.0898456100434353,0.0898456100434353
20,0.0899234544590589,0.090001296530961,0.0898456100434353,0.0899935124299527,0.0898456100434353,1.0,0.0898456100434353
30,0.0899234544590589,0.090001296530961,0.0898456100434353,0.0899935124299527,0.0898456100434353,0.0898456100434353,1.0
