Compare,2,3,4,5,10,20,30
2,1.0,104.0,11.0,0.0,625.0,625.0,0.0
3,104.0,1.0,110.0,23.0,625.0,625.0,625.0
4,11.0,110.0,1.0,177.0,625.0,625.0,625.0
5,0.0,23.0,177.0,1.0,620.0,625.0,625.0
10,625.0,625.0,625.0,620.0,1.0,0.0,0.0
20,625.0,625.0,625.0,625.0,0.0,1.0,13.0
30,0.0,625.0,625.0,625.0,0.0,13.0,1.0
