Compare,2,3,4,5,10,20,30
2,1.0,100.0,32.0,6.0,625.0,625.0,0.0
3,100.0,1.0,187.0,83.0,625.0,625.0,625.0
4,32.0,187.0,1.0,174.0,625.0,625.0,625.0
5,6.0,83.0,174.0,1.0,625.0,625.0,625.0
10,625.0,625.0,625.0,625.0,1.0,2.0,0.0
20,625.0,625.0,625.0,625.0,2.0,1.0,96.0
30,0.0,625.0,625.0,625.0,0.0,96.0,1.0
