Compare,2,3,4,5,10,20,30
2,1.0,121.0,30.0,6.0,625.0,625.0,0.0
3,121.0,1.0,131.0,29.0,625.0,625.0,625.0
4,30.0,131.0,1.0,128.0,600.0,600.0,600.0
5,6.0,29.0,128.0,1.0,619.0,625.0,625.0
10,625.0,625.0,600.0,619.0,1.0,0.0,0.0
20,625.0,625.0,600.0,625.0,0.0,1.0,41.0
30,0.0,625.0,600.0,625.0,0.0,41.0,1.0
