Compare,2,3,4,5,10,20,30
2,1.0,275.0,250.0,250.0,350.0,225.0,400.0
3,275.0,1.0,250.0,250.0,325.0,225.0,225.0
4,250.0,250.0,1.0,275.0,275.0,225.0,225.0
5,250.0,250.0,275.0,1.0,275.0,225.0,225.0
10,350.0,325.0,275.0,275.0,1.0,400.0,400.0
20,225.0,225.0,225.0,225.0,400.0,1.0,400.0
30,400.0,225.0,225.0,225.0,400.0,400.0,1.0
