Compare,2,3,4,5,10,20,30
2,1.0,0.1199337840080261,0.2410664558410644,0.4741646647453308,0.0034192204475402,6.556510925292969e-06,5.960464477539064e-08
3,0.1199337840080261,1.0,0.0393387079238891,0.0114533305168151,1.96695327758789e-06,2.980232238769531e-07,5.960464477539064e-08
4,0.2410664558410644,0.0393387079238891,1.0,0.0007149577140808,5.960464477539064e-08,5.960464477539064e-08,5.960464477539064e-08
5,0.4741646647453308,0.0114533305168151,0.0007149577140808,1.0,5.960464477539064e-08,5.960464477539064e-08,5.960464477539064e-08
10,0.0034192204475402,1.96695327758789e-06,5.960464477539064e-08,5.960464477539064e-08,1.0,5.960464477539064e-08,5.960464477539064e-08
20,6.556510925292969e-06,2.980232238769531e-07,5.960464477539064e-08,5.960464477539064e-08,5.960464477539064e-08,1.0,5.960464477539064e-08
30,5.960464477539064e-08,5.960464477539064e-08,5.960464477539064e-08,5.960464477539064e-08,5.960464477539064e-08,5.960464477539064e-08,1.0
