Compare,2,3,4,5,10,20,30
2,1.0,0.325391948223114,0.4107651710510254,0.8325093984603882,0.2002161741256714,7.49826431274414e-05,1.4901161193847656e-06
3,0.325391948223114,1.0,0.3387878537178039,0.2002161741256714,0.0173123478889465,0.0001029968261718,1.5079975128173828e-05
4,0.4107651710510254,0.3387878537178039,1.0,0.5249125957489014,0.8739878535270691,0.0027848482131958,3.814697265625e-05
5,0.8325093984603882,0.2002161741256714,0.5249125957489014,1.0,0.312333345413208,6.556510925292969e-06,8.344650268554688e-07
10,0.2002161741256714,0.0173123478889465,0.8739878535270691,0.312333345413208,1.0,4.172325134277344e-07,1.1920928955078125e-07
20,7.49826431274414e-05,0.0001029968261718,0.0027848482131958,6.556510925292969e-06,4.172325134277344e-07,1.0,1.788139343261719e-07
30,1.4901161193847656e-06,1.5079975128173828e-05,3.814697265625e-05,8.344650268554688e-07,1.1920928955078125e-07,1.788139343261719e-07,1.0
