Compare,2,3,4,5,10,20,30
2,1.0,0.0482624173164367,1.233816146850586e-05,1.1920928955078125e-07,5.960464477539064e-08,5.960464477539064e-08,5.960464477539064e-08
3,0.0482624173164367,1.0,5.245208740234375e-06,1.1920928955078125e-07,5.960464477539064e-08,5.960464477539064e-08,5.960464477539064e-08
4,1.233816146850586e-05,5.245208740234375e-06,1.0,0.0003764033317565,5.960464477539064e-08,5.960464477539064e-08,5.960464477539064e-08
5,1.1920928955078125e-07,1.1920928955078125e-07,0.0003764033317565,1.0,5.960464477539064e-08,5.960464477539064e-08,5.960464477539064e-08
10,5.960464477539064e-08,5.960464477539064e-08,5.960464477539064e-08,5.960464477539064e-08,1.0,5.960464477539064e-08,5.960464477539064e-08
20,5.960464477539064e-08,5.960464477539064e-08,5.960464477539064e-08,5.960464477539064e-08,5.960464477539064e-08,1.0,5.960464477539064e-08
30,5.960464477539064e-08,5.960464477539064e-08,5.960464477539064e-08,5.960464477539064e-08,5.960464477539064e-08,5.960464477539064e-08,1.0
