Compare,2,3,4,5,10,20,30
2,1.0,0.2872292995452881,0.7711594104766846,0.2751842737197876,2.664327621459961e-05,1.1920928955078125e-07,1.1920928955078125e-07
3,0.2872292995452881,1.0,0.312333345413208,0.0096350312232971,5.960464477539062e-07,5.960464477539064e-08,5.960464477539064e-08
4,0.7711594104766846,0.312333345413208,1.0,0.0219083428382873,5.960464477539064e-08,5.960464477539064e-08,5.960464477539064e-08
5,0.2751842737197876,0.0096350312232971,0.0219083428382873,1.0,2.980232238769531e-07,5.960464477539064e-08,5.960464477539064e-08
10,2.664327621459961e-05,5.960464477539062e-07,5.960464477539064e-08,2.980232238769531e-07,1.0,5.960464477539064e-08,5.960464477539064e-08
20,1.1920928955078125e-07,5.960464477539064e-08,5.960464477539064e-08,5.960464477539064e-08,5.960464477539064e-08,1.0,5.960464477539064e-08
30,1.1920928955078125e-07,5.960464477539064e-08,5.960464477539064e-08,5.960464477539064e-08,5.960464477539064e-08,5.960464477539064e-08,1.0
