Compare,2,3,4,5,10,20,30
2,1.0,0.1484795808792114,0.1729585528373718,0.1013973951339721,0.0088223218917846,4.172325134277344e-06,1.788139343261719e-07
3,0.1484795808792114,1.0,0.6720751523971558,1.0,0.4261419773101806,0.0219083428382873,0.0012963414192199
4,0.1729585528373718,0.6720751523971558,1.0,0.5782062411308289,0.1908142566680908,0.0004894733428955,0.0008081197738647
5,0.1013973951339721,1.0,0.5782062411308289,1.0,0.3665854334831238,0.0124664902687072,0.0009118914604187
10,0.0088223218917846,0.4261419773101806,0.1908142566680908,0.3665854334831238,1.0,0.0295784473419189,0.0073709487915039
20,4.172325134277344e-06,0.0219083428382873,0.0004894733428955,0.0124664902687072,0.0295784473419189,1.0,0.2872292995452881
30,1.788139343261719e-07,0.0012963414192199,0.0008081197738647,0.0009118914604187,0.0073709487915039,0.2872292995452881,1.0
