Compare,2,3,4,5,10,20,30
2,1.0,1.233816146850586e-05,5.960464477539064e-08,1.1920928955078125e-07,5.960464477539064e-08,5.960464477539064e-08,5.960464477539064e-08
3,1.233816146850586e-05,1.0,0.0009118914604187,6.556510925292969e-06,5.960464477539064e-08,5.960464477539064e-08,5.960464477539064e-08
4,5.960464477539064e-08,0.0009118914604187,1.0,2.211332321166992e-05,1.1920928955078125e-07,5.960464477539064e-08,5.960464477539064e-08
5,1.1920928955078125e-07,6.556510925292969e-06,2.211332321166992e-05,1.0,8.165836334228516e-06,5.960464477539064e-08,5.960464477539064e-08
10,5.960464477539064e-08,5.960464477539064e-08,1.1920928955078125e-07,8.165836334228516e-06,1.0,5.960464477539064e-08,5.960464477539064e-08
20,5.960464477539064e-08,5.960464477539064e-08,5.960464477539064e-08,5.960464477539064e-08,5.960464477539064e-08,1.0,1.5079975128173828e-05
30,5.960464477539064e-08,5.960464477539064e-08,5.960464477539064e-08,5.960464477539064e-08,5.960464477539064e-08,1.5079975128173828e-05,1.0
