Compare,2,3,4,5,10,20,30
2,1.0,0.6528410911560059,0.4418373703956604,0.1266481280326843,0.0393387079238891,0.0025079250335693,6.365776062011719e-05
3,0.6528410911560059,1.0,0.8739878535270691,0.6915188431739807,0.2872292995452881,0.0274794101715087,0.0096350312232971
4,0.4418373703956604,0.8739878535270691,1.0,0.3387878537178039,0.0754795670509338,0.0255050659179687,0.0034192204475402
5,0.1266481280326843,0.6915188431739807,0.3387878537178039,1.0,0.615043044090271,0.1336400508880615,0.0034192204475402
10,0.0393387079238891,0.2872292995452881,0.0754795670509338,0.615043044090271,1.0,0.1266481280326843,0.0393387079238891
20,0.0025079250335693,0.0274794101715087,0.0255050659179687,0.1336400508880615,0.1266481280326843,1.0,0.1908142566680908
30,6.365776062011719e-05,0.0096350312232971,0.0034192204475402,0.0034192204475402,0.0393387079238891,0.1908142566680908,1.0
