Compare,2,3,4,5,10,20,30
2,1.0,0.0219083428382873,0.0016253590583801,0.0135546922683715,0.0067255496978759,1.233816146850586e-05,3.2782554626464844e-06
3,0.0219083428382873,1.0,0.978915274143219,0.7914759516716003,1.0,0.0318078398704528,0.0016253590583801
4,0.0016253590583801,0.978915274143219,1.0,0.7914759516716003,0.4907859563827514,0.0147220492362976,0.000187873840332
5,0.0135546922683715,0.7914759516716003,0.7914759516716003,1.0,0.6528410911560059,0.1484795808792114,0.0295784473419189
10,0.0067255496978759,1.0,0.4907859563827514,0.6528410911560059,1.0,0.0008081197738647,0.0004296898841857
20,1.233816146850586e-05,0.0318078398704528,0.0147220492362976,0.1484795808792114,0.0008081197738647,1.0,0.4418373703956604
30,3.2782554626464844e-06,0.0016253590583801,0.000187873840332,0.0295784473419189,0.0004296898841857,0.4418373703956604,1.0
