Compare,2,3,4,5,10,20,30
2,1.0,0.5249125957489014,0.8739878535270691,0.0957334637641906,0.0067255496978759,5.960464477539064e-08,5.960464477539062e-07
3,0.5249125957489014,1.0,0.8531995415687561,0.4741646647453308,0.0957334637641906,0.0030878782272338,2.211332321166992e-05
4,0.8739878535270691,0.8531995415687561,1.0,0.4107651710510254,0.0088223218917846,0.0002498030662536,2.664327621459961e-05
5,0.0957334637641906,0.4741646647453308,0.4107651710510254,1.0,0.1908142566680908,6.365776062011719e-05,0.000187873840332
10,0.0067255496978759,0.0957334637641906,0.0088223218917846,0.1908142566680908,1.0,0.1644961237907409,0.0219083428382873
20,5.960464477539064e-08,0.0030878782272338,0.0002498030662536,6.365776062011719e-05,0.1644961237907409,1.0,0.4107651710510254
30,5.960464477539062e-07,2.211332321166992e-05,2.664327621459961e-05,0.000187873840332,0.0219083428382873,0.4107651710510254,1.0
