Compare,2,3,4,5,10,20,30
2,1.0,0.1563382148742675,0.5782062411308289,0.1266481280326843,0.1073147058486938,0.0022552609443664,0.0007149577140808
3,0.1563382148742675,1.0,0.936802864074707,0.5964998602867126,0.5601714849472046,0.0236499309539794,0.0124664902687072
4,0.5782062411308289,0.936802864074707,1.0,0.5424043536186218,0.7711594104766846,0.0147220492362976,0.0030878782272338
5,0.1266481280326843,0.5964998602867126,0.5424043536186218,1.0,0.5964998602867126,0.1409152150154113,0.0318078398704528
10,0.1073147058486938,0.5601714849472046,0.7711594104766846,0.5964998602867126,1.0,0.0482624173164367,0.0219083428382873
20,0.0022552609443664,0.0236499309539794,0.0147220492362976,0.1409152150154113,0.0482624173164367,1.0,0.8948604464530945
30,0.0007149577140808,0.0124664902687072,0.0030878782272338,0.0318078398704528,0.0219083428382873,0.8948604464530945,1.0
