Compare,2,3,4,5,10,20,30
2,1.0,0.2303613424301147,0.1134914755821228,0.7111607789993286,0.2996123433113098,0.3387878537178039,0.2996123433113098
3,0.2303613424301147,1.0,0.4741646647453308,0.312333345413208,0.6528410911560059,0.0451226830482482,0.0096350312232971
4,0.1134914755821228,0.4741646647453308,1.0,0.3387878537178039,0.615043044090271,0.0012963414192199,0.0080687999725341
5,0.7111607789993286,0.312333345413208,0.3387878537178039,1.0,0.4261419773101806,0.4741646647453308,0.5964998602867126
10,0.2996123433113098,0.6528410911560059,0.615043044090271,0.4261419773101806,1.0,0.0135546922683715,0.0236499309539794
20,0.3387878537178039,0.0451226830482482,0.0012963414192199,0.4741646647453308,0.0135546922683715,1.0,0.8531995415687561
30,0.2996123433113098,0.0096350312232971,0.0080687999725341,0.5964998602867126,0.0236499309539794,0.8531995415687561,1.0
