Compare,2,3,4,5,10,20,30
2,1.0,0.0073709487915039,0.0014527440071105,7.49826431274414e-05,5.3882598876953125e-05,8.165836334228516e-06,1.1920928955078125e-07
3,0.0073709487915039,1.0,5.3882598876953125e-05,5.3882598876953125e-05,5.3882598876953125e-05,1.1920928955078125e-07,1.1920928955078125e-07
4,0.0014527440071105,5.3882598876953125e-05,1.0,5.960464477539064e-08,5.960464477539064e-08,5.960464477539064e-08,5.960464477539064e-08
5,7.49826431274414e-05,5.3882598876953125e-05,5.960464477539064e-08,1.0,5.960464477539064e-08,5.960464477539064e-08,5.960464477539064e-08
10,5.3882598876953125e-05,5.3882598876953125e-05,5.960464477539064e-08,5.960464477539064e-08,1.0,5.960464477539064e-08,5.960464477539064e-08
20,8.165836334228516e-06,1.1920928955078125e-07,5.960464477539064e-08,5.960464477539064e-08,5.960464477539064e-08,1.0,5.960464477539064e-08
30,1.1920928955078125e-07,1.1920928955078125e-07,5.960464477539064e-08,5.960464477539064e-08,5.960464477539064e-08,5.960464477539064e-08,1.0
