Compare,2,3,4,5,10,20,30
2,1.0,69.0,81.0,40.0,17.0,20.0,31.0
3,69.0,1.0,128.0,123.0,106.0,85.0,130.0
4,81.0,128.0,1.0,106.0,60.0,69.0,95.0
5,40.0,123.0,106.0,1.0,136.0,147.0,161.0
10,17.0,106.0,60.0,136.0,1.0,147.0,78.0
20,20.0,85.0,69.0,147.0,147.0,1.0,112.0
30,31.0,130.0,95.0,161.0,78.0,112.0,1.0
