Compare,2,3,4,5,10,20,30
2,1.0,0.2278879577127937,0.2274613630312063,0.2274388939269782,0.0902036747696517,0.0902036747696517,0.0902036747696517
3,0.2278879577127937,1.0,0.2275736834141025,0.2275512226888419,0.090281508197082,0.090281508197082,0.090281508197082
4,0.2274613630312063,0.2275736834141025,1.0,0.2271241504062225,0.2269441493190502,0.0899857283052817,0.0899857283052817
5,0.2274388939269782,0.2275512226888419,0.2271241504062225,1.0,0.2269216416284178,0.0899701599850514,0.0899701599850514
10,0.0902036747696517,0.090281508197082,0.2269441493190502,0.2269216416284178,1.0,0.0898456100434353,0.0898456100434353
20,0.0902036747696517,0.090281508197082,0.0899857283052817,0.0899701599850514,0.0898456100434353,1.0,0.0898456100434353
30,0.0902036747696517,0.090281508197082,0.0899857283052817,0.0899701599850514,0.0898456100434353,0.0898456100434353,1.0
