Compare,2,3,4,5,10,20,30
2,1.0,0.2284371486883477,0.2281682825789398,0.2279776901070628,0.0904760809552763,0.0904760809552763,0.0904760809552763
3,0.2284371486883477,1.0,0.2280449718360823,0.2278543011621744,0.0903904708595772,0.0903904708595772,0.0903904708595772
4,0.2281682825789398,0.2280449718360823,1.0,0.2275849131484528,0.2272590807388395,0.0902036747696517,0.0902036747696517
5,0.2279776901070628,0.2278543011621744,0.2275849131484528,1.0,0.2270679116064455,0.0900713523710829,0.0900713523710829
10,0.0904760809552763,0.0903904708595772,0.2272590807388395,0.2270679116064455,1.0,0.0898456100434353,0.0898456100434353
20,0.0904760809552763,0.0903904708595772,0.0902036747696517,0.0900713523710829,0.0898456100434353,1.0,0.0898456100434353
30,0.0904760809552763,0.0903904708595772,0.0902036747696517,0.0900713523710829,0.0898456100434353,0.0898456100434353,1.0
