Compare,2,3,4,5,10,20,30
2,1.0,1.4156562248495535e-09,1.4156562248495535e-09,1.4156562248495535e-09,1.4156562248495535e-09,1.4156562248495535e-09,1.4156562248495535e-09
3,1.4156562248495535e-09,1.0,1.4156562248495535e-09,1.4156562248495535e-09,1.4156562248495535e-09,1.4156562248495535e-09,1.4156562248495535e-09
4,1.4156562248495535e-09,1.4156562248495535e-09,1.0,3.5800004236225926e-08,1.4156562248495535e-09,1.4156562248495535e-09,1.4156562248495535e-09
5,1.4156562248495535e-09,1.4156562248495535e-09,3.5800004236225926e-08,1.0,1.4156562248495535e-09,1.4156562248495535e-09,1.4156562248495535e-09
10,1.4156562248495535e-09,1.4156562248495535e-09,1.4156562248495535e-09,1.4156562248495535e-09,1.0,1.8141066484846008e-06,1.8355518172726172e-08
20,1.4156562248495535e-09,1.4156562248495535e-09,1.4156562248495535e-09,1.4156562248495535e-09,1.8141066484846008e-06,1.0,0.0231994873150693
30,1.4156562248495535e-09,1.4156562248495535e-09,1.4156562248495535e-09,1.4156562248495535e-09,1.8355518172726172e-08,0.0231994873150693,1.0
