Compare,2,3,4,5,10,20,30
2,1.0,0.2273040440968033,0.2272590807388395,0.2270791602055374,0.0900791362340878,0.0900791362340878,0.0900791362340878
3,0.2273040440968033,1.0,0.2271466429893907,0.2269666553305401,0.090001296530961,0.090001296530961,0.090001296530961
4,0.2272590807388395,0.2271466429893907,1.0,0.2269216416284178,0.2269216416284178,0.0899701599850514,0.0899701599850514
5,0.2270791602055374,0.2269666553305401,0.2269216416284178,1.0,0.226741519638191,0.0898456100434353,0.0898456100434353
10,0.0900791362340878,0.090001296530961,0.2269216416284178,0.226741519638191,1.0,0.0898456100434353,0.0898456100434353
20,0.0900791362340878,0.090001296530961,0.0899701599850514,0.0898456100434353,0.0898456100434353,1.0,0.0898456100434353
30,0.0900791362340878,0.090001296530961,0.0899701599850514,0.0898456100434353,0.0898456100434353,0.0898456100434353,1.0
