Compare,2,3,4,5,10,20,30
2,1.0,0.2281234481613883,0.2276747359467503,0.2276073713606773,0.0903671221266861,0.0903671221266861,0.0903671221266861
3,0.2281234481613883,1.0,0.2275512226888419,0.2274838304593727,0.090281508197082,0.090281508197082,0.090281508197082
4,0.2276747359467503,0.2275512226888419,1.0,0.227034163291494,0.2269216416284178,0.0899701599850514,0.0899701599850514
5,0.2276073713606773,0.2274838304593727,0.227034163291494,1.0,0.2268541084803297,0.0899234544590589,0.0899234544590589
10,0.0903671221266861,0.090281508197082,0.2269216416284178,0.2268541084803297,1.0,0.0898456100434353,0.0898456100434353
20,0.0903671221266861,0.090281508197082,0.0899701599850514,0.0899234544590589,0.0898456100434353,1.0,0.0898456100434353
30,0.0903671221266861,0.090281508197082,0.0899701599850514,0.0899234544590589,0.0898456100434353,0.0898456100434353,1.0
