Compare,2,3,4,5,10,20,30
2,1.0,0.2272141106718024,0.227034163291494,0.227034163291494,0.0899701599850514,0.0899701599850514,0.0899701599850514
3,0.2272141106718024,1.0,0.2271466429893907,0.2271466429893907,0.0900480006386915,0.0900480006386915,0.0900480006386915
4,0.227034163291494,0.2271466429893907,1.0,0.2269666553305401,0.2268541084803297,0.0899234544590589,0.0899234544590589
5,0.227034163291494,0.2271466429893907,0.2269666553305401,1.0,0.2268541084803297,0.0899234544590589,0.0899234544590589
10,0.0899701599850514,0.0900480006386915,0.2268541084803297,0.2268541084803297,1.0,0.0898456100434353,0.0898456100434353
20,0.0899701599850514,0.0900480006386915,0.0899234544590589,0.0899234544590589,0.0898456100434353,1.0,0.0898456100434353
30,0.0899701599850514,0.0900480006386915,0.0899234544590589,0.0899234544590589,0.0898456100434353,0.0898456100434353,1.0
