Compare,2,3,4,5,10,20,30
2,1.0,625.0,625.0,625.0,625.0,625.0,625.0
3,625.0,1.0,583.0,607.0,625.0,625.0,625.0
4,625.0,583.0,1.0,518.0,625.0,625.0,625.0
5,625.0,607.0,518.0,1.0,565.0,625.0,625.0
10,625.0,625.0,625.0,565.0,1.0,586.0,618.0
20,625.0,625.0,625.0,625.0,586.0,1.0,514.0
30,625.0,625.0,625.0,625.0,618.0,514.0,1.0
