Compare,direction,latitude_no_abs,longitude_no_abs,speed
direction,1.0,1.2929023850985583e-09,1.2929023850985583e-09,1.1797671635555363e-09
latitude_no_abs,1.2929023850985583e-09,1.0,5.123412825613384e-06,1.2929023850985583e-09
longitude_no_abs,1.2929023850985583e-09,5.123412825613384e-06,1.0,1.2929023850985583e-09
speed,1.1797671635555363e-09,1.2929023850985583e-09,1.2929023850985583e-09,1.0
